1007.000000 0.000000 0.000000 0.000000 0
2007.000000 0.000000 0.000000 0.000000 1
3007.000000 0.000000 0.000000 0.000000 2
4007.000000 0.000000 0.000000 0.000000 3
5007.000000 0.000000 0.000000 0.000000 4
6007.000000 0.000000 0.000000 0.000000 5
7007.000000 0.000000 0.000000 0.000000 6
8007.000000 0.000000 0.000000 0.000000 7
9007.000000 0.000000 0.000000 0.000000 8
10007.000000 0.000000 0.000000 0.000000 9
11007.000000 0.000000 0.000000 0.000000 10
12007.000000 0.000000 0.000000 0.000000 11
13007.000000 0.000000 0.000000 0.000000 12
14007.000000 0.000000 0.000000 0.000000 13
15007.000000 0.000000 0.000000 0.000000 14
16007.000000 0.000000 0.000000 0.000000 15
17007.000000 0.000000 0.000000 0.000000 16
18007.000000 0.000000 0.000000 0.000000 17
19007.000000 0.000000 0.000000 0.000000 18
20007.000000 0.000000 0.000000 0.000000 19
21007.000000 0.000000 0.000000 0.000000 20
22007.000000 0.000000 0.000000 0.000000 21
23007.000000 0.000000 0.000000 0.000000 22
24007.000000 0.000000 0.000000 0.000000 23
25007.000000 0.000000 0.000000 0.000000 24
26007.000000 0.000000 0.000000 0.000000 25
27007.000000 0.000000 0.000000 0.000000 26
28007.000000 0.000000 0.000000 0.000000 27
29007.000000 0.000000 0.000000 0.000000 28
30007.000000 0.000000 0.000000 0.000000 29
31007.000000 0.000000 0.000000 0.000000 30
32007.000000 0.000000 0.000000 0.000000 31
33007.000000 0.000000 0.000000 0.000000 32
34008.000000 0.000000 0.000000 0.000000 33
35007.000000 0.000000 0.000000 0.000000 34
36007.000000 0.000000 0.000000 0.000000 35
37007.000000 0.000000 0.000000 0.000000 36
38007.000000 0.000000 0.000000 0.000000 37
39007.000000 0.000000 0.000000 0.000000 38
40007.000000 0.000000 0.000000 0.000000 39
41007.000000 0.000000 0.000000 0.000000 40
42007.000000 0.000000 0.000000 0.000000 41
43007.000000 0.000000 0.000000 0.000000 42
44007.000000 0.000000 0.000000 0.000000 43
45007.000000 0.000000 0.000000 0.000000 44
46007.000000 0.000000 0.000000 0.000000 45
47007.000000 0.000000 0.000000 0.000000 46
48007.000000 0.000000 0.000000 0.000000 47
49007.000000 0.000000 0.000000 0.000000 48
50007.000000 0.000000 0.000000 0.000000 49
51007.000000 0.000000 0.000000 0.000000 50
52007.000000 0.000000 0.000000 0.000000 51
53007.000000 0.000000 0.000000 0.000000 52
54007.000000 0.000000 0.000000 0.000000 53
55007.000000 0.000000 0.000000 0.000000 54
56007.000000 0.000000 0.000000 0.000000 55
57007.000000 0.000000 0.000000 0.000000 56
58007.000000 0.000000 0.000000 0.000000 57
59007.000000 0.000000 0.000000 0.000000 58
60007.000000 0.000000 0.000000 0.000000 59
61007.000000 0.000000 0.000000 0.000000 60
62007.000000 0.000000 0.000000 0.000000 61
63007.000000 0.000000 0.000000 0.000000 62
64007.000000 0.000000 0.000000 0.000000 63
65007.000000 0.000000 0.000000 0.000000 64
66007.000000 0.000000 0.000000 0.000000 65
67007.000000 0.000000 0.000000 0.000000 66
68007.000000 0.000000 0.000000 0.000000 67
69007.000000 0.000000 0.000000 0.000000 68
70007.000000 0.000000 0.000000 0.000000 69
71007.000000 0.000000 0.000000 0.000000 70
72007.000000 0.000000 0.000000 0.000000 71
73007.000000 0.000000 0.000000 0.000000 72
74007.000000 0.000000 0.000000 0.000000 73
75007.000000 0.000000 0.000000 0.000000 74
76007.000000 0.000000 0.000000 0.000000 75
77007.000000 0.000000 0.000000 0.000000 76
78007.000000 0.000000 0.000000 0.000000 77
79007.000000 0.000000 0.000000 0.000000 78
80007.000000 0.000000 0.000000 0.000000 79
81007.000000 0.000000 0.000000 0.000000 80
82007.000000 0.000000 0.000000 0.000000 81
83008.000000 0.000000 0.000000 0.000000 82
84007.000000 0.000000 0.000000 0.000000 83
85007.000000 0.000000 0.000000 0.000000 84
86007.000000 0.000000 0.000000 0.000000 85
87007.000000 0.000000 0.000000 0.000000 86
88007.000000 0.000000 0.000000 0.000000 87
89007.000000 0.000000 0.000000 0.000000 88
90008.000000 0.000000 0.000000 0.000000 89
91007.000000 0.000000 0.000000 0.000000 90
92007.000000 0.000000 0.000000 0.000000 91
93007.000000 0.000000 0.000000 0.000000 92
94007.000000 0.000000 0.000000 0.000000 93
95007.000000 0.000000 0.000000 0.000000 94
96007.000000 0.000000 0.000000 0.000000 95
97007.000000 0.000000 0.000000 0.000000 96
98007.000000 0.000000 0.000000 0.000000 97
99007.000000 0.000000 0.000000 0.000000 98
100007.000000 0.000000 0.000000 0.000000 99
101007.000000 0.000000 0.000000 0.000000 100
102007.000000 0.000000 0.000000 0.000000 101
103007.000000 0.000000 0.000000 0.000000 102
104007.000000 0.000000 0.000000 0.000000 103
105007.000000 0.000000 0.000000 0.000000 104
106007.000000 0.000000 0.000000 0.000000 105
107007.000000 0.000000 0.000000 0.000000 106
108007.000000 0.000000 0.000000 0.000000 107
109007.000000 0.000000 0.000000 0.000000 108
110007.000000 0.000000 0.000000 0.000000 109
111007.000000 0.000000 0.000000 0.000000 110
112007.000000 0.000000 0.000000 0.000000 111
113007.000000 0.000000 0.000000 0.000000 112
114007.000000 0.000000 0.000000 0.000000 113
115007.000000 0.000000 0.000000 0.000000 114
116007.000000 0.000000 0.000000 0.000000 115
117007.000000 0.000000 0.000000 0.000000 116
118007.000000 0.000000 0.000000 0.000000 117
119007.000000 0.000000 0.000000 0.000000 118
120007.000000 0.000000 0.000000 0.000000 119
121007.000000 0.000000 0.000000 0.000000 120
122007.000000 0.000000 0.000000 0.000000 121
123007.000000 0.000000 0.000000 0.000000 122
124007.000000 0.000000 0.000000 0.000000 123
125007.000000 0.000000 0.000000 0.000000 124
126007.000000 0.000000 0.000000 0.000000 125
127007.000000 0.000000 0.000000 0.000000 126
128007.000000 0.000000 0.000000 0.000000 127
129007.000000 0.000000 0.000000 0.000000 128
130007.000000 0.000000 0.000000 0.000000 129
131007.000000 0.000000 0.000000 0.000000 130
132007.000000 0.000000 0.000000 0.000000 131
133007.000000 0.000000 0.000000 0.000000 132
134007.000000 0.000000 0.000000 0.000000 133
135007.000000 0.000000 0.000000 0.000000 134
136007.000000 0.000000 0.000000 0.000000 135
137007.000000 0.000000 0.000000 0.000000 136
138007.000000 0.000000 0.000000 0.000000 137
139007.000000 0.000000 0.000000 0.000000 138
140007.000000 0.000000 0.000000 0.000000 139
141007.000000 0.000000 0.000000 0.000000 140
142007.000000 0.000000 0.000000 0.000000 141
143007.000000 0.000000 0.000000 0.000000 142
144007.000000 0.000000 0.000000 0.000000 143
145007.000000 0.000000 0.000000 0.000000 144
146007.000000 0.000000 0.000000 0.000000 145
147007.000000 0.000000 0.000000 0.000000 146
148007.000000 0.000000 0.000000 0.000000 147
149007.000000 0.000000 0.000000 0.000000 148
150007.000000 0.000000 0.000000 0.000000 149
151007.000000 0.000000 0.000000 0.000000 150
152007.000000 0.000000 0.000000 0.000000 151
153007.000000 0.000000 0.000000 0.000000 152
154007.000000 0.000000 0.000000 0.000000 153
155007.000000 0.000000 0.000000 0.000000 154
156007.000000 0.000000 0.000000 0.000000 155
157007.000000 0.000000 0.000000 0.000000 156
158007.000000 0.000000 0.000000 0.000000 157
159007.000000 0.000000 0.000000 0.000000 158
160007.000000 0.000000 0.000000 0.000000 159
161007.000000 0.000000 0.000000 0.000000 160
162007.000000 0.000000 0.000000 0.000000 161
163007.000000 0.000000 0.000000 0.000000 162
164007.000000 0.000000 0.000000 0.000000 163
165007.000000 0.000000 0.000000 0.000000 164
166007.000000 0.000000 0.000000 0.000000 165
167007.000000 0.000000 0.000000 0.000000 166
168007.000000 0.000000 0.000000 0.000000 167
169007.000000 0.000000 0.000000 0.000000 168
170007.000000 0.000000 0.000000 0.000000 169
171007.000000 0.000000 0.000000 0.000000 170
172007.000000 0.000000 0.000000 0.000000 171
173007.000000 0.000000 0.000000 0.000000 172
174007.000000 0.000000 0.000000 0.000000 173
175007.000000 0.000000 0.000000 0.000000 174
176007.000000 0.000000 0.000000 0.000000 175
177007.000000 0.000000 0.000000 0.000000 176
178007.000000 0.000000 0.000000 0.000000 177
179007.000000 0.000000 0.000000 0.000000 178
180007.000000 0.000000 0.000000 0.000000 179
181007.000000 0.000000 0.000000 0.000000 180
182007.000000 0.000000 0.000000 0.000000 181
183007.000000 0.000000 0.000000 0.000000 182
184007.000000 0.000000 0.000000 0.000000 183
185007.000000 0.000000 0.000000 0.000000 184
186007.000000 0.000000 0.000000 0.000000 185
187007.000000 0.000000 0.000000 0.000000 186
188007.000000 0.000000 0.000000 0.000000 187
189007.000000 0.000000 0.000000 0.000000 188
190007.000000 0.000000 0.000000 0.000000 189
191007.000000 0.000000 0.000000 0.000000 190
192007.000000 0.000000 0.000000 0.000000 191
193007.000000 0.000000 0.000000 0.000000 192
194007.000000 0.000000 0.000000 0.000000 193
195007.000000 0.000000 0.000000 0.000000 194
196007.000000 0.000000 0.000000 0.000000 195
197007.000000 0.000000 0.000000 0.000000 196
198007.000000 0.000000 0.000000 0.000000 197
199007.000000 0.000000 0.000000 0.000000 198
200007.000000 0.000000 0.000000 0.000000 199
201007.000000 0.000000 0.000000 0.000000 200
202007.000000 0.000000 0.000000 0.000000 201
203007.000000 0.000000 0.000000 0.000000 202
204007.000000 0.000000 0.000000 0.000000 203
205007.000000 0.000000 0.000000 0.000000 204
206007.000000 0.000000 0.000000 0.000000 205
207007.000000 0.000000 0.000000 0.000000 206
208007.000000 0.000000 0.000000 0.000000 207
209007.000000 0.000000 0.000000 0.000000 208
210007.000000 0.000000 0.000000 0.000000 209
211007.000000 0.000000 0.000000 0.000000 210
212007.000000 0.000000 0.000000 0.000000 211
213007.000000 0.000000 0.000000 0.000000 212
214007.000000 0.000000 0.000000 0.000000 213
215007.000000 0.000000 0.000000 0.000000 214
216007.000000 0.000000 0.000000 0.000000 215
217007.000000 0.000000 0.000000 0.000000 216
218007.000000 0.000000 0.000000 0.000000 217
219007.000000 0.000000 0.000000 0.000000 218
220007.000000 0.000000 0.000000 0.000000 219
221007.000000 0.000000 0.000000 0.000000 220
222007.000000 0.000000 0.000000 0.000000 221
223007.000000 0.000000 0.000000 0.000000 222
224007.000000 0.000000 0.000000 0.000000 223
225007.000000 0.000000 0.000000 0.000000 224
226007.000000 0.000000 0.000000 0.000000 225
227007.000000 0.000000 0.000000 0.000000 226
228007.000000 0.000000 0.000000 0.000000 227
229007.000000 0.000000 0.000000 0.000000 228
230007.000000 0.000000 0.000000 0.000000 229
231007.000000 0.000000 0.000000 0.000000 230
232007.000000 0.000000 0.000000 0.000000 231
233007.000000 0.000000 0.000000 0.000000 232
234007.000000 0.000000 0.000000 0.000000 233
235007.000000 0.000000 0.000000 0.000000 234
236007.000000 0.000000 0.000000 0.000000 235
237007.000000 0.000000 0.000000 0.000000 236
238007.000000 0.000000 0.000000 0.000000 237
239007.000000 0.000000 0.000000 0.000000 238
240007.000000 0.000000 0.000000 0.000000 239
241007.000000 0.000000 0.000000 0.000000 240
242007.000000 0.000000 0.000000 0.000000 241
243007.000000 0.000000 0.000000 0.000000 242
244007.000000 0.000000 0.000000 0.000000 243
245007.000000 0.000000 0.000000 0.000000 244
246007.000000 0.000000 0.000000 0.000000 245
247007.000000 0.000000 0.000000 0.000000 246
248007.000000 0.000000 0.000000 0.000000 247
249007.000000 0.000000 0.000000 0.000000 248
250007.000000 0.000000 0.000000 0.000000 249
251007.000000 0.000000 0.000000 0.000000 250
252007.000000 0.000000 0.000000 0.000000 251
253007.000000 0.000000 0.000000 0.000000 252
254007.000000 0.000000 0.000000 0.000000 253
255007.000000 0.000000 0.000000 0.000000 254
256007.000000 0.000000 0.000000 0.000000 255
257007.000000 0.000000 0.000000 0.000000 256
258007.000000 0.000000 0.000000 0.000000 257
259007.000000 0.000000 0.000000 0.000000 258
260007.000000 0.000000 0.000000 0.000000 259
261007.000000 0.000000 0.000000 0.000000 260
262007.000000 0.000000 0.000000 0.000000 261
263007.000000 0.000000 0.000000 0.000000 262
264007.000000 0.000000 0.000000 0.000000 263
265007.000000 0.000000 0.000000 0.000000 264
266007.000000 0.000000 0.000000 0.000000 265
267007.000000 0.000000 0.000000 0.000000 266
268007.000000 0.000000 0.000000 0.000000 267
269007.000000 0.000000 0.000000 0.000000 268
270007.000000 0.000000 0.000000 0.000000 269
271007.000000 0.000000 0.000000 0.000000 270
272007.000000 0.000000 0.000000 0.000000 271
273007.000000 0.000000 0.000000 0.000000 272
274007.000000 0.000000 0.000000 0.000000 273
275007.000000 0.000000 0.000000 0.000000 274
276007.000000 0.000000 0.000000 0.000000 275
277007.000000 0.000000 0.000000 0.000000 276
278007.000000 0.000000 0.000000 0.000000 277
279007.000000 0.000000 0.000000 0.000000 278
280007.000000 0.000000 0.000000 0.000000 279
281007.000000 0.000000 0.000000 0.000000 280
282007.000000 0.000000 0.000000 0.000000 281
283007.000000 0.000000 0.000000 0.000000 282
284007.000000 0.000000 0.000000 0.000000 283
285007.000000 0.000000 0.000000 0.000000 284
286007.000000 0.000000 0.000000 0.000000 285
287007.000000 0.000000 0.000000 0.000000 286
288007.000000 0.000000 0.000000 0.000000 287
289007.000000 0.000000 0.000000 0.000000 288
290007.000000 0.000000 0.000000 0.000000 289
291007.000000 0.000000 0.000000 0.000000 290
292007.000000 0.000000 0.000000 0.000000 291
293007.000000 0.000000 0.000000 0.000000 292
294007.000000 0.000000 0.000000 0.000000 293
295007.000000 0.000000 0.000000 0.000000 294
296007.000000 0.000000 0.000000 0.000000 295
297007.000000 0.000000 0.000000 0.000000 296
298007.000000 0.000000 0.000000 0.000000 297
299007.000000 0.000000 0.000000 0.000000 298
300007.000000 0.000000 0.000000 0.000000 299
301007.000000 0.000000 0.000000 0.000000 300
302007.000000 0.000000 0.000000 0.000000 301
303007.000000 0.000000 0.000000 0.000000 302
304007.000000 0.000000 0.000000 0.000000 303
305007.000000 0.000000 0.000000 0.000000 304
306007.000000 0.000000 0.000000 0.000000 305
307007.000000 0.000000 0.000000 0.000000 306
308007.000000 0.000000 0.000000 0.000000 307
309007.000000 0.000000 0.000000 0.000000 308
310007.000000 0.000000 0.000000 0.000000 309
311007.000000 0.000000 0.000000 0.000000 310
312007.000000 0.000000 0.000000 0.000000 311
313007.000000 0.000000 0.000000 0.000000 312
314007.000000 0.000000 0.000000 0.000000 313
315007.000000 0.000000 0.000000 0.000000 314
316007.000000 0.000000 0.000000 0.000000 315
317007.000000 0.000000 0.000000 0.000000 316
318007.000000 0.000000 0.000000 0.000000 317
319007.000000 0.000000 0.000000 0.000000 318
320007.000000 0.000000 0.000000 0.000000 319
321007.000000 0.000000 0.000000 0.000000 320
322007.000000 0.000000 0.000000 0.000000 321
323007.000000 0.000000 0.000000 0.000000 322
324007.000000 0.000000 0.000000 0.000000 323
325007.000000 0.000000 0.000000 0.000000 324
326007.000000 0.000000 0.000000 0.000000 325
327007.000000 0.000000 0.000000 0.000000 326
328007.000000 0.000000 0.000000 0.000000 327
329007.000000 0.000000 0.000000 0.000000 328
330007.000000 0.000000 0.000000 0.000000 329
331007.000000 0.000000 0.000000 0.000000 330
332007.000000 0.000000 0.000000 0.000000 331
333007.000000 0.000000 0.000000 0.000000 332
334007.000000 0.000000 0.000000 0.000000 333
335007.000000 0.000000 0.000000 0.000000 334
336007.000000 0.000000 0.000000 0.000000 335
337007.000000 0.000000 0.000000 0.000000 336
338008.000000 0.000000 0.000000 0.000000 337
339007.000000 0.000000 0.000000 0.000000 338
340007.000000 0.000000 0.000000 0.000000 339
341007.000000 0.000000 0.000000 0.000000 340
342007.000000 0.002643 0.005285 0.000000 341
343007.000000 0.002643 0.005285 0.000000 342
344007.000000 0.003964 0.007928 0.000000 343
345007.000000 0.006606 0.013213 0.000000 344
346007.000000 0.006606 0.013213 0.000000 345
347007.000000 0.007928 0.015855 0.000000 346
348007.000000 0.007928 0.015855 0.000000 347
349007.000000 0.009249 0.018498 0.000000 348
350007.000000 0.009249 0.018498 0.000000 349
351007.000000 0.010570 0.021140 0.000000 350
352007.000000 0.011891 0.023783 0.000000 351
353007.000000 0.011891 0.023783 0.000000 352
354007.000000 0.011891 0.023783 0.000000 353
355007.000000 0.014534 0.029068 0.000000 354
356007.000000 0.017176 0.034353 0.000000 355
357007.000000 0.018498 0.036995 0.000000 356
358007.000000 0.018498 0.036995 0.000000 357
359007.000000 0.019819 0.039638 0.000000 358
360007.000000 0.019819 0.039638 0.000000 359
361007.000000 0.021140 0.042280 0.000000 360
362007.000000 0.021140 0.042280 0.000000 361
363007.000000 0.021140 0.042280 0.000000 362
364007.000000 0.021140 0.042280 0.000000 363
365007.000000 0.021140 0.042280 0.000000 364
366007.000000 0.025104 0.050208 0.000000 365
367007.000000 0.025104 0.050208 0.000000 366
368007.000000 0.026425 0.052850 0.000000 367
369007.000000 0.027746 0.055493 0.000000 368
370007.000000 0.029068 0.058135 0.000000 369
371007.000000 0.029068 0.058135 0.000000 370
372007.000000 0.030389 0.060778 0.000000 371
373007.000000 0.030389 0.060778 0.000000 372
374007.000000 0.033031 0.066063 0.000000 373
375007.000000 0.033031 0.066063 0.000000 374
376007.000000 0.033031 0.066063 0.000000 375
377007.000000 0.034353 0.068705 0.000000 376
378007.000000 0.035674 0.071348 0.000000 377
379007.000000 0.035674 0.071348 0.000000 378
380007.000000 0.036995 0.073990 0.000000 379
381007.000000 0.038316 0.076633 0.000000 380
382007.000000 0.038316 0.076633 0.000000 381
383007.000000 0.038316 0.076633 0.000000 382
384007.000000 0.040959 0.081918 0.000000 383
385007.000000 0.042280 0.084560 0.000000 384
386007.000000 0.043601 0.087203 0.000000 385
387007.000000 0.043601 0.087203 0.000000 386
388007.000000 0.043601 0.087203 0.000000 387
389007.000000 0.044923 0.089845 0.000000 388
390007.000000 0.044923 0.089845 0.000000 389
391008.000000 0.046244 0.092488 0.000000 390
392007.000000 0.047565 0.095130 0.000000 391
393007.000000 0.047565 0.095130 0.000000 392
394007.000000 0.047565 0.095130 0.000000 393
395007.000000 0.050208 0.100415 0.000000 394
396007.000000 0.050208 0.100415 0.000000 395
397007.000000 0.051529 0.103058 0.000000 396
398007.000000 0.051529 0.103058 0.000000 397
399007.000000 0.052850 0.105700 0.000000 398
400007.000000 0.052850 0.105700 0.000000 399
401007.000000 0.055493 0.110986 0.000000 400
402007.000000 0.055493 0.110986 0.000000 401
403007.000000 0.055493 0.110986 0.000000 402
404007.000000 0.056814 0.113628 0.000000 403
405007.000000 0.058135 0.116271 0.000000 404
406007.000000 0.058135 0.116271 0.000000 405
407007.000000 0.059457 0.118913 0.000000 406
408007.000000 0.060778 0.121556 0.000000 407
409007.000000 0.060778 0.121556 0.000000 408
410007.000000 0.060778 0.121556 0.000000 409
411007.000000 0.062099 0.124198 0.000000 410
412007.000000 0.063420 0.126841 0.000000 411
413007.000000 0.063420 0.126841 0.000000 412
414007.000000 0.064742 0.129483 0.000000 413
415007.000000 0.064742 0.129483 0.000000 414
416007.000000 0.064742 0.129483 0.000000 415
417007.000000 0.066063 0.132126 0.000000 416
418007.000000 0.067384 0.134768 0.000000 417
419007.000000 0.068705 0.137411 0.000000 418
420007.000000 0.068705 0.137411 0.000000 419
421007.000000 0.068705 0.137411 0.000000 420
422007.000000 0.071348 0.142696 0.000000 421
423007.000000 0.071348 0.142696 0.000000 422
424007.000000 0.071348 0.142696 0.000000 423
425007.000000 0.072669 0.145338 0.000000 424
426007.000000 0.073990 0.147981 0.000000 425
427007.000000 0.075312 0.150623 0.000000 426
428007.000000 0.075312 0.150623 0.000000 427
429007.000000 0.075312 0.150623 0.000000 428
430007.000000 0.076633 0.153266 0.000000 429
431007.000000 0.076633 0.153266 0.000000 430
432007.000000 0.077954 0.155908 0.000000 431
433007.000000 0.079275 0.158551 0.000000 432
434007.000000 0.079275 0.158551 0.000000 433
435007.000000 0.080597 0.161193 0.000000 434
436007.000000 0.080597 0.161193 0.000000 435
437007.000000 0.081918 0.163836 0.000000 436
438007.000000 0.081918 0.163836 0.000000 437
439007.000000 0.081918 0.163836 0.000000 438
440007.000000 0.084560 0.169121 0.000000 439
441007.000000 0.084560 0.169121 0.000000 440
442007.000000 0.085882 0.171763 0.000000 441
443007.000000 0.087203 0.174406 0.000000 442
444007.000000 0.087203 0.174406 0.000000 443
445007.000000 0.087203 0.174406 0.000000 444
446007.000000 0.088524 0.177048 0.000000 445
447007.000000 0.089845 0.179691 0.000000 446
448007.000000 0.089845 0.179691 0.000000 447
449007.000000 0.089845 0.179691 0.000000 448
450007.000000 0.091167 0.182333 0.000000 449
451007.000000 0.092488 0.184976 0.000000 450
452007.000000 0.092488 0.184976 0.000000 451
453007.000000 0.093809 0.187618 0.000000 452
454007.000000 0.093809 0.187618 0.000000 453
455007.000000 0.095130 0.190261 0.000000 454
456007.000000 0.096452 0.192903 0.000000 455
457007.000000 0.096452 0.192903 0.000000 456
458007.000000 0.097773 0.195546 0.000000 457
459007.000000 0.097773 0.195546 0.000000 458
460007.000000 0.099094 0.198188 0.000000 459
461007.000000 0.099094 0.198188 0.000000 460
462007.000000 0.100415 0.200831 0.000000 461
463007.000000 0.110986 0.203473 0.018498 462
464007.000000 0.110986 0.203473 0.018498 463
465007.000000 0.120234 0.206116 0.034353 464
466007.000000 0.120234 0.206116 0.034353 465
467007.000000 0.120234 0.206116 0.034353 466
468007.000000 0.120234 0.211401 0.034353 467
469007.000000 0.120234 0.211401 0.034353 468
470007.000000 0.128162 0.214043 0.042280 469
471007.000000 0.133447 0.216686 0.050208 470
472008.000000 0.133447 0.216686 0.050208 471
473007.000000 0.136089 0.216686 0.055493 472
474007.000000 0.136089 0.219329 0.055493 473
475007.000000 0.136089 0.219329 0.055493 474
476007.000000 0.141374 0.221971 0.060778 475
477007.000000 0.141374 0.221971 0.060778 476
478007.000000 0.141374 0.224614 0.060778 477
479007.000000 0.142696 0.227256 0.060778 478
480007.000000 0.142696 0.227256 0.060778 479
481007.000000 0.145338 0.229899 0.060778 480
482007.000000 0.145338 0.232541 0.060778 481
483007.000000 0.145338 0.232541 0.060778 482
484007.000000 0.151944 0.232541 0.071348 483
485007.000000 0.151944 0.232541 0.071348 484
486007.000000 0.158551 0.237826 0.079275 485
487007.000000 0.158551 0.237826 0.079275 486
488007.000000 0.159872 0.240469 0.079275 487
489007.000000 0.159872 0.240469 0.079275 488
490007.000000 0.159872 0.240469 0.079275 489
491007.000000 0.159872 0.245754 0.079275 490
492007.000000 0.162514 0.245754 0.079275 491
493007.000000 0.166478 0.248396 0.084560 492
494007.000000 0.166478 0.248396 0.089845 493
495007.000000 0.166478 0.248396 0.089845 494
496007.000000 0.169121 0.251039 0.089845 495
497007.000000 0.169121 0.251039 0.089845 496
498007.000000 0.171763 0.253681 0.089845 497
499007.000000 0.175727 0.253681 0.097773 498
500007.000000 0.175727 0.258966 0.097773 499
501007.000000 0.177048 0.258966 0.097773 500
502007.000000 0.177048 0.258966 0.097773 501
503007.000000 0.178370 0.261609 0.097773 502
504007.000000 0.179691 0.261609 0.097773 503
505007.000000 0.179691 0.264251 0.097773 504
506007.000000 0.179691 0.264251 0.097773 505
507007.000000 0.188940 0.266894 0.110986 506
508007.000000 0.190261 0.269536 0.110986 507
509007.000000 0.190261 0.269536 0.110986 508
510007.000000 0.190261 0.272179 0.110986 509
511007.000000 0.190261 0.274821 0.110986 510
512007.000000 0.192903 0.274821 0.110986 511
513007.000000 0.192903 0.277464 0.110986 512
514007.000000 0.192903 0.277464 0.110986 513
515007.000000 0.192903 0.277464 0.110986 514
516007.000000 0.199510 0.280106 0.118913 515
517007.000000 0.199510 0.280106 0.118913 516
518007.000000 0.199510 0.282749 0.118913 517
519007.000000 0.204795 0.285391 0.124198 518
520007.000000 0.207437 0.285391 0.129483 519
521007.000000 0.207437 0.288034 0.129483 520
522007.000000 0.207437 0.290676 0.129483 521
523007.000000 0.210080 0.290676 0.129483 522
524007.000000 0.210080 0.293319 0.129483 523
525007.000000 0.212722 0.293319 0.132126 524
526007.000000 0.215365 0.293319 0.137411 525
527007.000000 0.219329 0.295961 0.142696 526
528007.000000 0.219329 0.298604 0.142696 527
529007.000000 0.219329 0.298604 0.142696 528
530007.000000 0.219329 0.298604 0.142696 529
531007.000000 0.219329 0.301246 0.142696 530
532007.000000 0.219329 0.303889 0.142696 531
533007.000000 0.223292 0.303889 0.142696 532
534007.000000 0.223292 0.306531 0.142696 533
535007.000000 0.224614 0.309174 0.142696 534
536007.000000 0.228577 0.309174 0.147981 535
537007.000000 0.228577 0.309174 0.147981 536
538007.000000 0.228577 0.311816 0.147981 537
539007.000000 0.233862 0.311816 0.155908 538
540007.000000 0.233862 0.311816 0.155908 539
541007.000000 0.233862 0.317101 0.155908 540
542007.000000 0.239147 0.319744 0.158551 541
543007.000000 0.239147 0.319744 0.158551 542
544007.000000 0.239147 0.319744 0.158551 543
545007.000000 0.243111 0.322386 0.163836 544
546007.000000 0.245754 0.325029 0.166478 545
547007.000000 0.245754 0.325029 0.169121 546
548007.000000 0.245754 0.327672 0.169121 547
549007.000000 0.245754 0.327672 0.169121 548
550007.000000 0.248396 0.327672 0.169121 549
551007.000000 0.248396 0.330314 0.169121 550
552007.000000 0.248396 0.330314 0.169121 551
553007.000000 0.256324 0.332957 0.179691 552
554007.000000 0.257645 0.335599 0.179691 553
555007.000000 0.257645 0.335599 0.179691 554
556007.000000 0.257645 0.335599 0.179691 555
557007.000000 0.257645 0.340884 0.179691 556
558007.000000 0.262930 0.343527 0.182333 557
559007.000000 0.262930 0.343527 0.182333 558
560007.000000 0.262930 0.343527 0.184976 559
561007.000000 0.262930 0.343527 0.184976 560
562007.000000 0.265572 0.348812 0.184976 561
563007.000000 0.270857 0.348812 0.192903 562
564007.000000 0.270857 0.348812 0.192903 563
565007.000000 0.270857 0.351454 0.192903 564
566007.000000 0.273500 0.351454 0.195546 565
567007.000000 0.274821 0.354097 0.195546 566
568007.000000 0.274821 0.354097 0.195546 567
569007.000000 0.277464 0.354097 0.200831 568
570007.000000 0.277464 0.359382 0.200831 569
571007.000000 0.277464 0.359382 0.200831 570
572007.000000 0.282749 0.359382 0.206116 571
573007.000000 0.282749 0.362024 0.206116 572
574007.000000 0.282749 0.362024 0.206116 573
575007.000000 0.285391 0.364667 0.206116 574
576007.000000 0.285391 0.364667 0.206116 575
577007.000000 0.285391 0.364667 0.206116 576
578007.000000 0.290676 0.369952 0.211401 577
579007.000000 0.290676 0.369952 0.211401 578
580007.000000 0.294640 0.372594 0.216686 579
581007.000000 0.294640 0.375237 0.216686 580
582007.000000 0.294640 0.375237 0.216686 581
583007.000000 0.294640 0.375237 0.216686 582
584007.000000 0.299925 0.375237 0.224614 583
585007.000000 0.299925 0.377879 0.224614 584
586007.000000 0.301246 0.380522 0.224614 585
587007.000000 0.301246 0.380522 0.224614 586
588007.000000 0.303889 0.383164 0.224614 587
589007.000000 0.303889 0.383164 0.224614 588
590007.000000 0.306531 0.383164 0.229899 589
591007.000000 0.306531 0.385807 0.229899 590
592007.000000 0.311816 0.391092 0.232541 591
593007.000000 0.311816 0.391092 0.232541 592
594007.000000 0.311816 0.391092 0.232541 593
595007.000000 0.313138 0.393734 0.232541 594
596007.000000 0.315780 0.393734 0.237826 595
597007.000000 0.315780 0.393734 0.237826 596
598007.000000 0.317101 0.396377 0.237826 597
599007.000000 0.317101 0.396377 0.237826 598
600007.000000 0.321065 0.401662 0.240469 599
601007.000000 0.321065 0.401662 0.240469 600
602007.000000 0.321065 0.404304 0.240469 601
603007.000000 0.325029 0.404304 0.245754 602
604007.000000 0.325029 0.406947 0.245754 603
605007.000000 0.325029 0.406947 0.245754 604
606007.000000 0.331635 0.409589 0.253681 605
607007.000000 0.331635 0.412232 0.253681 606
608007.000000 0.331635 0.412232 0.253681 607
609007.000000 0.331635 0.412232 0.253681 608
610008.000000 0.332957 0.412232 0.253681 609
611007.000000 0.332957 0.417517 0.253681 610
612007.000000 0.334278 0.417517 0.253681 611
613007.000000 0.338242 0.417517 0.261609 612
614007.000000 0.342205 0.417517 0.266894 613
615007.000000 0.342205 0.422802 0.266894 614
616007.000000 0.342205 0.422802 0.266894 615
617007.000000 0.342205 0.422802 0.266894 616
618007.000000 0.346169 0.422802 0.269536 617
619007.000000 0.347490 0.425444 0.269536 618
620007.000000 0.348812 0.428087 0.269536 619
621007.000000 0.348812 0.428087 0.269536 620
622007.000000 0.351454 0.428087 0.274821 621
623007.000000 0.351454 0.430729 0.274821 622
624007.000000 0.354097 0.430729 0.277464 623
625007.000000 0.355418 0.433372 0.277464 624
626007.000000 0.360703 0.438657 0.282749 625
627007.000000 0.360703 0.438657 0.282749 626
628007.000000 0.360703 0.438657 0.282749 627
629007.000000 0.360703 0.438657 0.282749 628
630007.000000 0.364667 0.443942 0.285391 629
631007.000000 0.364667 0.443942 0.285391 630
632007.000000 0.364667 0.443942 0.285391 631
633007.000000 0.367309 0.443942 0.290676 632
634007.000000 0.367309 0.443942 0.290676 633
635007.000000 0.367309 0.449227 0.290676 634
636007.000000 0.369952 0.449227 0.293319 635
637007.000000 0.369952 0.449227 0.293319 636
638007.000000 0.369952 0.449227 0.293319 637
639007.000000 0.375237 0.454512 0.295961 638
640007.000000 0.375237 0.454512 0.295961 639
641007.000000 0.375237 0.459797 0.295961 640
642007.000000 0.379200 0.459797 0.298604 641
643007.000000 0.379200 0.459797 0.298604 642
644007.000000 0.379200 0.459797 0.298604 643
645007.000000 0.387128 0.465082 0.309174 644
646007.000000 0.387128 0.465082 0.309174 645
647007.000000 0.387128 0.465082 0.309174 646
648007.000000 0.391092 0.467725 0.314459 647
649007.000000 0.391092 0.467725 0.314459 648
650007.000000 0.391092 0.470367 0.314459 649
651007.000000 0.391092 0.470367 0.314459 650
652007.000000 0.395056 0.473010 0.317101 651
653007.000000 0.395056 0.473010 0.317101 652
654007.000000 0.397698 0.475652 0.319744 653
655007.000000 0.400341 0.478295 0.322386 654
656007.000000 0.401662 0.478295 0.325029 655
657007.000000 0.401662 0.478295 0.325029 656
658007.000000 0.401662 0.478295 0.325029 657
659007.000000 0.408268 0.483580 0.332957 658
660007.000000 0.408268 0.483580 0.332957 659
661007.000000 0.408268 0.486222 0.332957 660
662007.000000 0.408268 0.486222 0.332957 661
663007.000000 0.409589 0.486222 0.335599 662
664007.000000 0.410911 0.488865 0.335599 663
665007.000000 0.410911 0.494150 0.335599 664
666007.000000 0.410911 0.494150 0.335599 665
667007.000000 0.416196 0.494150 0.338242 666
668007.000000 0.420159 0.496792 0.343527 667
669007.000000 0.420159 0.496792 0.343527 668
670007.000000 0.420159 0.496792 0.343527 669
671007.000000 0.420159 0.496792 0.343527 670
672007.000000 0.422802 0.502077 0.343527 671
673007.000000 0.424123 0.504720 0.343527 672
674007.000000 0.424123 0.504720 0.343527 673
675007.000000 0.424123 0.504720 0.343527 674
676007.000000 0.428087 0.507362 0.348812 675
677008.000000 0.428087 0.507362 0.354097 676
678007.000000 0.428087 0.510005 0.354097 677
679007.000000 0.430729 0.510005 0.354097 678
680007.000000 0.430729 0.512647 0.354097 679
681007.000000 0.436014 0.512647 0.359382 680
682007.000000 0.437336 0.515290 0.359382 681
683007.000000 0.437336 0.515290 0.362024 682
684007.000000 0.437336 0.520575 0.362024 683
685007.000000 0.439978 0.520575 0.362024 684
686007.000000 0.439978 0.520575 0.362024 685
687007.000000 0.446585 0.523217 0.369952 686
688007.000000 0.446585 0.523217 0.372594 687
689007.000000 0.446585 0.525860 0.372594 688
690007.000000 0.446585 0.528502 0.372594 689
691007.000000 0.447906 0.528502 0.372594 690
692007.000000 0.447906 0.531145 0.372594 691
693007.000000 0.455833 0.531145 0.383164 692
694007.000000 0.455833 0.531145 0.383164 693
695007.000000 0.455833 0.533787 0.383164 694
696007.000000 0.455833 0.533787 0.383164 695
697007.000000 0.455833 0.533787 0.383164 696
698007.000000 0.459797 0.541715 0.383164 697
699007.000000 0.459797 0.541715 0.383164 698
700007.000000 0.462440 0.541715 0.383164 699
701007.000000 0.465082 0.541715 0.388449 700
702007.000000 0.470367 0.547000 0.393734 701
703007.000000 0.470367 0.547000 0.393734 702
704007.000000 0.470367 0.547000 0.393734 703
705007.000000 0.470367 0.547000 0.393734 704
706007.000000 0.470367 0.549643 0.393734 705
707007.000000 0.470367 0.549643 0.393734 706
708007.000000 0.470367 0.549643 0.393734 707
709007.000000 0.474331 0.552285 0.396377 708
710007.000000 0.479616 0.557570 0.401662 709
711007.000000 0.479616 0.557570 0.404304 710
712007.000000 0.479616 0.557570 0.404304 711
713007.000000 0.479616 0.557570 0.404304 712
714007.000000 0.479616 0.560213 0.404304 713
715007.000000 0.479616 0.560213 0.404304 714
716007.000000 0.479616 0.562855 0.404304 715
717007.000000 0.487543 0.565498 0.409589 716
718007.000000 0.487543 0.565498 0.409589 717
719007.000000 0.487543 0.565498 0.409589 718
720007.000000 0.487543 0.568140 0.409589 719
721007.000000 0.491507 0.570783 0.412232 720
722007.000000 0.492829 0.570783 0.414874 721
723007.000000 0.498114 0.573425 0.422802 722
724007.000000 0.500756 0.576068 0.425444 723
725007.000000 0.500756 0.576068 0.425444 724
726007.000000 0.500756 0.576068 0.425444 725
727007.000000 0.503399 0.581353 0.425444 726
728007.000000 0.504720 0.581353 0.428087 727
729007.000000 0.507362 0.583995 0.430729 728
730007.000000 0.508684 0.586638 0.430729 729
731007.000000 0.510005 0.586638 0.433372 730
732008.000000 0.510005 0.586638 0.433372 731
733007.000000 0.510005 0.586638 0.433372 732
734007.000000 0.510005 0.586638 0.433372 733
735007.000000 0.512647 0.589280 0.436014 734
736007.000000 0.513969 0.594565 0.436014 735
737007.000000 0.513969 0.594565 0.436014 736
738007.000000 0.515290 0.594565 0.438657 737
739007.000000 0.516611 0.594565 0.438657 738
740007.000000 0.520575 0.599850 0.441300 739
741007.000000 0.520575 0.599850 0.441300 740
742007.000000 0.520575 0.599850 0.441300 741
743007.000000 0.528502 0.602493 0.454512 742
744007.000000 0.528502 0.605135 0.454512 743
745007.000000 0.528502 0.605135 0.454512 744
746007.000000 0.528502 0.605135 0.454512 745
747007.000000 0.532466 0.607778 0.457155 746
748007.000000 0.535109 0.610420 0.459797 747
749007.000000 0.535109 0.613063 0.459797 748
750007.000000 0.535109 0.613063 0.459797 749
751007.000000 0.535109 0.613063 0.459797 750
752008.000000 0.543036 0.618348 0.467725 751
753007.000000 0.543036 0.618348 0.467725 752
754007.000000 0.543036 0.620990 0.467725 753
755007.000000 0.543036 0.620990 0.467725 754
756007.000000 0.543036 0.623633 0.467725 755
757007.000000 0.543036 0.623633 0.467725 756
758007.000000 0.547000 0.623633 0.473010 757
759007.000000 0.549643 0.628918 0.473010 758
760007.000000 0.549643 0.628918 0.473010 759
761007.000000 0.549643 0.628918 0.473010 760
762007.000000 0.552285 0.628918 0.475652 761
763007.000000 0.554928 0.628918 0.480937 762
764007.000000 0.554928 0.631560 0.480937 763
765007.000000 0.554928 0.631560 0.480937 764
766007.000000 0.561534 0.636845 0.486222 765
767007.000000 0.562855 0.639488 0.486222 766
768007.000000 0.562855 0.639488 0.486222 767
769007.000000 0.562855 0.639488 0.486222 768
770007.000000 0.562855 0.639488 0.486222 769
771007.000000 0.562855 0.639488 0.486222 770
772007.000000 0.562855 0.644773 0.486222 771
773007.000000 0.572104 0.647415 0.496792 772
774007.000000 0.572104 0.647415 0.496792 773
775007.000000 0.576068 0.650058 0.502077 774
776007.000000 0.576068 0.652701 0.502077 775
777007.000000 0.576068 0.652701 0.502077 776
778007.000000 0.577389 0.655343 0.502077 777
779007.000000 0.577389 0.655343 0.502077 778
780007.000000 0.582674 0.657985 0.507362 779
781007.000000 0.582674 0.657985 0.507362 780
782007.000000 0.586638 0.663271 0.510005 781
783008.000000 0.586638 0.663271 0.510005 782
784007.000000 0.586638 0.663271 0.510005 783
785007.000000 0.586638 0.665913 0.510005 784
786007.000000 0.587959 0.671198 0.510005 785
787007.000000 0.593244 0.671198 0.517932 786
788007.000000 0.593244 0.671198 0.517932 787
789007.000000 0.595886 0.671198 0.520575 788
790007.000000 0.595886 0.673841 0.520575 789
791007.000000 0.595886 0.673841 0.520575 790
792007.000000 0.595886 0.673841 0.520575 791
793007.000000 0.595886 0.673841 0.520575 792
794007.000000 0.602493 0.679126 0.525860 793
795007.000000 0.602493 0.681768 0.525860 794
796007.000000 0.602493 0.681768 0.525860 795
797007.000000 0.603814 0.681768 0.525860 796
798007.000000 0.606457 0.681768 0.531145 797
799007.000000 0.613063 0.687053 0.539072 798
800007.000000 0.613063 0.687053 0.539072 799
801007.000000 0.613063 0.689696 0.539072 800
802007.000000 0.615705 0.692338 0.539072 801
803007.000000 0.615705 0.692338 0.539072 802
804007.000000 0.615705 0.694981 0.539072 803
805007.000000 0.617027 0.694981 0.539072 804
806007.000000 0.619669 0.697623 0.541715 805
807007.000000 0.622312 0.697623 0.547000 806
808007.000000 0.622312 0.700266 0.547000 807
809007.000000 0.628918 0.702908 0.554928 808
810007.000000 0.628918 0.702908 0.554928 809
811007.000000 0.630239 0.705551 0.554928 810
812007.000000 0.630239 0.705551 0.554928 811
813007.000000 0.634203 0.708193 0.560213 812
814007.000000 0.634203 0.708193 0.560213 813
815007.000000 0.634203 0.708193 0.562855 814
816007.000000 0.634203 0.710836 0.562855 815
817007.000000 0.634203 0.718763 0.562855 816
818007.000000 0.642130 0.718763 0.568140 817
819007.000000 0.642130 0.718763 0.568140 818
820007.000000 0.643452 0.721406 0.568140 819
821007.000000 0.643452 0.721406 0.568140 820
822007.000000 0.646094 0.724048 0.568140 821
823007.000000 0.646094 0.724048 0.568140 822
824007.000000 0.646094 0.724048 0.568140 823
825007.000000 0.648737 0.729333 0.568140 824
826007.000000 0.648737 0.729333 0.568140 825
827007.000000 0.648737 0.729333 0.568140 826
828007.000000 0.655343 0.731976 0.578710 827
829007.000000 0.655343 0.737261 0.578710 828
830007.000000 0.655343 0.737261 0.578710 829
831007.000000 0.660628 0.737261 0.586638 830
832007.000000 0.660628 0.739903 0.586638 831
833007.000000 0.660628 0.739903 0.586638 832
834007.000000 0.661949 0.739903 0.586638 833
835007.000000 0.661949 0.742546 0.586638 834
836007.000000 0.661949 0.742546 0.586638 835
837007.000000 0.669877 0.745188 0.594565 836
838007.000000 0.669877 0.747831 0.594565 837
839007.000000 0.669877 0.747831 0.594565 838
840007.000000 0.676483 0.750473 0.602493 839
841007.000000 0.676483 0.750473 0.602493 840
842007.000000 0.680447 0.755758 0.605135 841
843007.000000 0.680447 0.755758 0.605135 842
844007.000000 0.680447 0.758401 0.605135 843
845007.000000 0.685732 0.761044 0.610420 844
846007.000000 0.685732 0.761044 0.610420 845
847007.000000 0.691017 0.761044 0.620990 846
848007.000000 0.692338 0.763686 0.620990 847
849007.000000 0.692338 0.766329 0.620990 848
850007.000000 0.696302 0.768971 0.623633 849
851007.000000 0.697623 0.768971 0.626275 850
852007.000000 0.700266 0.771614 0.628918 851
853007.000000 0.700266 0.771614 0.628918 852
854007.000000 0.700266 0.776899 0.628918 853
855007.000000 0.704229 0.776899 0.634203 854
856007.000000 0.704229 0.776899 0.634203 855
857007.000000 0.704229 0.782184 0.634203 856
858007.000000 0.706872 0.782184 0.634203 857
859007.000000 0.713478 0.787469 0.639488 858
860007.000000 0.713478 0.787469 0.639488 859
861007.000000 0.716121 0.787469 0.644773 860
862007.000000 0.716121 0.792754 0.644773 861
863007.000000 0.717442 0.792754 0.644773 862
864007.000000 0.721406 0.795396 0.647415 863
865007.000000 0.721406 0.795396 0.647415 864
866007.000000 0.722727 0.795396 0.650058 865
867007.000000 0.722727 0.795396 0.650058 866
868007.000000 0.729333 0.800681 0.657985 867
869007.000000 0.729333 0.800681 0.657985 868
870007.000000 0.735940 0.805966 0.665913 869
871007.000000 0.735940 0.805966 0.665913 870
872007.000000 0.738582 0.808609 0.668556 871
873007.000000 0.738582 0.808609 0.668556 872
874007.000000 0.738582 0.811251 0.668556 873
875007.000000 0.738582 0.811251 0.668556 874
876007.000000 0.738582 0.813894 0.668556 875
877007.000000 0.745188 0.813894 0.676483 876
878007.000000 0.745188 0.813894 0.676483 877
879007.000000 0.751795 0.819179 0.684411 878
880007.000000 0.751795 0.821821 0.684411 879
881007.000000 0.751795 0.824464 0.684411 880
882007.000000 0.751795 0.824464 0.684411 881
883007.000000 0.761044 0.829749 0.692338 882
884007.000000 0.761044 0.829749 0.692338 883
885007.000000 0.761044 0.837676 0.692338 884
886007.000000 0.765007 0.837676 0.694981 885
887007.000000 0.765007 0.837676 0.694981 886
888007.000000 0.768971 0.837676 0.700266 887
889007.000000 0.768971 0.842961 0.700266 888
890007.000000 0.774256 0.845604 0.702908 889
891007.000000 0.774256 0.845604 0.705551 890
892007.000000 0.774256 0.845604 0.705551 891
893007.000000 0.780862 0.848246 0.713478 892
894007.000000 0.780862 0.856174 0.713478 893
895007.000000 0.780862 0.856174 0.713478 894
896007.000000 0.788790 0.861459 0.716121 895
897007.000000 0.788790 0.861459 0.716121 896
898007.000000 0.796717 0.866744 0.726691 897
899007.000000 0.799360 0.866744 0.731976 898
900007.000000 0.799360 0.866744 0.731976 899
901007.000000 0.800681 0.869387 0.731976 900
902007.000000 0.803324 0.869387 0.737261 901
903007.000000 0.807287 0.877314 0.737261 902
904007.000000 0.807287 0.877314 0.737261 903
905007.000000 0.809930 0.879957 0.739903 904
906007.000000 0.809930 0.879957 0.739903 905
907007.000000 0.809930 0.882599 0.739903 906
908007.000000 0.816536 0.887884 0.745188 907
909007.000000 0.816536 0.887884 0.745188 908
910007.000000 0.823143 0.893169 0.753116 909
911007.000000 0.829749 0.895812 0.763686 910
912007.000000 0.831070 0.898454 0.763686 911
913007.000000 0.831070 0.898454 0.763686 912
914007.000000 0.831070 0.901097 0.763686 913
915007.000000 0.838998 0.903739 0.774256 914
916007.000000 0.844283 0.906382 0.782184 915
917007.000000 0.844283 0.909024 0.782184 916
918007.000000 0.844283 0.909024 0.782184 917
919007.000000 0.853531 0.919594 0.787469 918
920007.000000 0.853531 0.919594 0.787469 919
921007.000000 0.854853 0.922237 0.787469 920
922007.000000 0.856174 0.924879 0.787469 921
923007.000000 0.857495 0.924879 0.792754 922
924007.000000 0.858816 0.927522 0.792754 923
925007.000000 0.872029 0.932807 0.811251 924
926007.000000 0.872029 0.938092 0.811251 925
927007.000000 0.872029 0.938092 0.811251 926
928007.000000 0.873350 0.946019 0.811251 927
929007.000000 0.878635 0.946019 0.813894 928
930007.000000 0.879957 0.948662 0.813894 929
931007.000000 0.883920 0.951304 0.816536 930
932007.000000 0.894490 0.953947 0.835034 931
933007.000000 0.897133 0.959232 0.835034 932
934007.000000 0.897133 0.961874 0.835034 933
935007.000000 0.910345 0.969802 0.850889 934
936007.000000 0.910345 0.969802 0.850889 935
937007.000000 0.910345 0.969802 0.850889 936
938007.000000 0.910345 0.977729 0.850889 937
939007.000000 0.919594 0.985657 0.853531 938
940007.000000 0.919594 0.985657 0.853531 939
941007.000000 0.926201 0.988300 0.864101 940
942007.000000 0.928843 0.996227 0.864101 941
943007.000000 0.936771 0.998870 0.874672 942
944007.000000 0.936771 1.004155 0.874672 943
945007.000000 0.947341 1.009440 0.885242 944
946007.000000 0.951304 1.017367 0.885242 945
947007.000000 0.960553 1.020010 0.901097 946
948007.000000 0.969802 1.027937 0.911667 947
949007.000000 0.976408 1.033222 0.919594 948
950007.000000 0.984336 1.041150 0.927522 949
951007.000000 0.992263 1.049077 0.935449 950
952007.000000 0.992263 1.049077 0.935449 951
953007.000000 0.993585 1.051720 0.935449 952
954007.000000 1.006797 1.067575 0.946019 953
955007.000000 1.016046 1.067575 0.964517 954
956007.000000 1.025295 1.083430 0.967159 955
957007.000000 1.033222 1.091357 0.975087 956
958007.000000 1.047756 1.101928 0.993585 957
959007.000000 1.053041 1.107213 0.998870 958
960007.000000 1.068896 1.120425 1.017367 959
961007.000000 1.075502 1.130995 1.020010 960
962007.000000 1.092679 1.146850 1.038507 961
963007.000000 1.107213 1.162705 1.051720 962
964007.000000 1.111176 1.173275 1.051720 963
965007.000000 1.140244 1.197058 1.083430 964
966007.000000 1.157420 1.215556 1.099285 965
967007.000000 1.178560 1.228768 1.128353 966
968007.000000 1.181203 1.239338 1.128353 967
969007.000000 1.197058 1.252551 1.141565 968
970007.000000 1.224804 1.276333 1.173275 969
971007.000000 1.231411 1.289546 1.173275 970
972007.000000 1.256515 1.313329 1.199701 971
973007.000000 1.286903 1.345039 1.228768 972
974007.000000 1.314650 1.384676 1.244623 973
975007.000000 1.323899 1.384676 1.263121 974
976007.000000 1.326541 1.384676 1.273691 975
977007.000000 1.339754 1.384676 1.300116 976
978007.000000 1.372785 1.384676 1.363536 977
979007.000000 1.372785 1.384676 1.363536 978
980007.000000 1.372785 1.384676 1.363536 979
981007.000000 1.372785 1.384676 1.363536 980
982007.000000 1.372785 1.384676 1.363536 981
983007.000000 1.372785 1.384676 1.363536 982
984007.000000 1.372785 1.384676 1.363536 983
985007.000000 1.372785 1.384676 1.363536 984
986007.000000 1.372785 1.384676 1.363536 985
987007.000000 1.372785 1.384676 1.363536 986
988007.000000 1.372785 1.384676 1.363536 987
989007.000000 1.372785 1.384676 1.363536 988
990007.000000 1.372785 1.384676 1.363536 989
991007.000000 1.372785 1.384676 1.363536 990
992007.000000 1.372785 1.384676 1.363536 991
993007.000000 1.372785 1.384676 1.363536 992
994007.000000 1.374106 1.387319 1.363536 993
995007.000000 1.374106 1.387319 1.363536 994
996007.000000 1.374106 1.387319 1.363536 995
997007.000000 1.374106 1.387319 1.363536 996
998007.000000 1.374106 1.387319 1.363536 997
999007.000000 1.374106 1.387319 1.363536 998
1000007.000000 1.374106 1.387319 1.363536 999
1001007.000000 1.374106 1.387319 1.363536 1000
1002007.000000 1.374106 1.387319 1.363536 1001
1003007.000000 1.374106 1.387319 1.363536 1002
1004007.000000 1.374106 1.387319 1.363536 1003
1005007.000000 1.374106 1.387319 1.363536 1004
1006007.000000 1.374106 1.387319 1.363536 1005
1007007.000000 1.374106 1.387319 1.363536 1006
1008007.000000 1.374106 1.387319 1.363536 1007
1009007.000000 1.374106 1.387319 1.363536 1008
1010007.000000 1.374106 1.387319 1.363536 1009
1011007.000000 1.374106 1.387319 1.363536 1010
1012007.000000 1.374106 1.387319 1.363536 1011
1013007.000000 1.374106 1.387319 1.363536 1012
1014007.000000 1.374106 1.387319 1.363536 1013
1015007.000000 1.374106 1.387319 1.363536 1014
1016007.000000 1.374106 1.387319 1.363536 1015
1017007.000000 1.374106 1.387319 1.363536 1016
1018007.000000 1.374106 1.387319 1.363536 1017
1019007.000000 1.374106 1.387319 1.363536 1018
1020007.000000 1.374106 1.387319 1.363536 1019
1021007.000000 1.374106 1.387319 1.363536 1020
1022007.000000 1.374106 1.387319 1.363536 1021
1023007.000000 1.374106 1.387319 1.363536 1022
1024008.000000 1.374106 1.387319 1.363536 1023
1025007.000000 1.374106 1.387319 1.363536 1024
