4235.000000 0.000000 0.000000 0.000000 0
4243.000000 0.000000 0.000000 0.000000 1
4278.000000 0.000000 0.000000 0.000000 2
4302.000000 0.000000 0.000000 0.000000 3
5011.000000 0.000000 0.000000 0.000000 4
6003.000000 0.000000 0.000000 0.000000 5
7003.000000 0.000000 0.000000 0.000000 6
8003.000000 0.000000 0.000000 0.000000 7
9011.000000 0.000000 0.000000 0.000000 8
10011.000000 0.000000 0.000000 0.000000 9
11003.000000 0.000000 0.000000 0.000000 10
12003.000000 0.000000 0.000000 0.000000 11
13003.000000 0.000000 0.000000 0.000000 12
14003.000000 0.000000 0.000000 0.000000 13
15003.000000 0.000000 0.000000 0.000000 14
16003.000000 0.000000 0.000000 0.000000 15
17003.000000 0.000000 0.000000 0.000000 16
18003.000000 0.000000 0.000000 0.000000 17
19003.000000 0.000000 0.000000 0.000000 18
20003.000000 0.000000 0.000000 0.000000 19
21003.000000 0.000000 0.000000 0.000000 20
22004.000000 0.000000 0.000000 0.000000 21
23003.000000 0.000000 0.000000 0.000000 22
24011.000000 0.000000 0.000000 0.000000 23
25011.000000 0.000000 0.000000 0.000000 24
26003.000000 0.000000 0.000000 0.000000 25
27003.000000 0.000000 0.000000 0.000000 26
28003.000000 0.000000 0.000000 0.000000 27
29003.000000 0.000000 0.000000 0.000000 28
30003.000000 0.000000 0.000000 0.000000 29
31003.000000 0.000000 0.000000 0.000000 30
32003.000000 0.000000 0.000000 0.000000 31
33003.000000 0.000000 0.000000 0.000000 32
34011.000000 0.000000 0.000000 0.000000 33
35011.000000 0.000000 0.000000 0.000000 34
36027.000000 0.000000 0.000000 0.000000 35
37003.000000 0.000000 0.000000 0.000000 36
38003.000000 0.000000 0.000000 0.000000 37
39003.000000 0.000000 0.000000 0.000000 38
40003.000000 0.000000 0.000000 0.000000 39
41003.000000 0.000000 0.000000 0.000000 40
42003.000000 0.000000 0.000000 0.000000 41
43003.000000 0.000000 0.000000 0.000000 42
44003.000000 0.000000 0.000000 0.000000 43
45011.000000 0.000000 0.000000 0.000000 44
46011.000000 0.000000 0.000000 0.000000 45
47003.000000 0.000000 0.000000 0.000000 46
48003.000000 0.000000 0.000000 0.000000 47
49003.000000 0.000000 0.000000 0.000000 48
50003.000000 0.000000 0.000000 0.000000 49
51003.000000 0.000000 0.000000 0.000000 50
52003.000000 0.000000 0.000000 0.000000 51
53003.000000 0.000000 0.000000 0.000000 52
54003.000000 0.000000 0.000000 0.000000 53
55003.000000 0.000000 0.000000 0.000000 54
56003.000000 0.000000 0.000000 0.000000 55
57003.000000 0.000000 0.000000 0.000000 56
58003.000000 0.000000 0.000000 0.000000 57
59004.000000 0.000000 0.000000 0.000000 58
60011.000000 0.000000 0.000000 0.000000 59
61011.000000 0.000000 0.000000 0.000000 60
62003.000000 0.000000 0.000000 0.000000 61
63003.000000 0.000000 0.000000 0.000000 62
64003.000000 0.000000 0.000000 0.000000 63
65003.000000 0.000000 0.000000 0.000000 64
66003.000000 0.000000 0.000000 0.000000 65
67003.000000 0.000000 0.000000 0.000000 66
68003.000000 0.000000 0.000000 0.000000 67
69003.000000 0.000000 0.000000 0.000000 68
70011.000000 0.000000 0.000000 0.000000 69
71011.000000 0.000000 0.000000 0.000000 70
72011.000000 0.000000 0.000000 0.000000 71
73003.000000 0.000000 0.000000 0.000000 72
74003.000000 0.000000 0.000000 0.000000 73
75003.000000 0.000000 0.000000 0.000000 74
76003.000000 0.000000 0.000000 0.000000 75
77003.000000 0.000000 0.000000 0.000000 76
78003.000000 0.000000 0.000000 0.000000 77
79003.000000 0.000000 0.000000 0.000000 78
80003.000000 0.000000 0.000000 0.000000 79
81011.000000 0.000000 0.000000 0.000000 80
82011.000000 0.000000 0.000000 0.000000 81
83003.000000 0.000000 0.000000 0.000000 82
84003.000000 0.000000 0.000000 0.000000 83
85011.000000 0.000000 0.000000 0.000000 84
86011.000000 0.000000 0.000000 0.000000 85
87003.000000 0.000000 0.000000 0.000000 86
88003.000000 0.000000 0.000000 0.000000 87
89043.000000 0.000000 0.000000 0.000000 88
90003.000000 0.000000 0.000000 0.000000 89
91003.000000 0.000000 0.000000 0.000000 90
92011.000000 0.000000 0.000000 0.000000 91
93011.000000 0.000000 0.000000 0.000000 92
94003.000000 0.000000 0.000000 0.000000 93
95003.000000 0.000000 0.000000 0.000000 94
96011.000000 0.000000 0.000000 0.000000 95
97011.000000 0.000000 0.000000 0.000000 96
98003.000000 0.000000 0.000000 0.000000 97
99003.000000 0.000000 0.000000 0.000000 98
100003.000000 0.000000 0.000000 0.000000 99
101003.000000 0.000000 0.000000 0.000000 100
102003.000000 0.000000 0.000000 0.000000 101
103003.000000 0.000000 0.000000 0.000000 102
104003.000000 0.000000 0.000000 0.000000 103
105003.000000 0.000000 0.000000 0.000000 104
106011.000000 0.000000 0.000000 0.000000 105
107011.000000 0.000000 0.000000 0.000000 106
108011.000000 0.000000 0.000000 0.000000 107
109003.000000 0.000000 0.000000 0.000000 108
110003.000000 0.000000 0.000000 0.000000 109
111003.000000 0.000000 0.000000 0.000000 110
112003.000000 0.000000 0.000000 0.000000 111
113003.000000 0.000000 0.000000 0.000000 112
114003.000000 0.000000 0.000000 0.000000 113
115003.000000 0.000000 0.000000 0.000000 114
116003.000000 0.000000 0.000000 0.000000 115
117011.000000 0.000000 0.000000 0.000000 116
118011.000000 0.000000 0.000000 0.000000 117
119003.000000 0.000000 0.000000 0.000000 118
120003.000000 0.000000 0.000000 0.000000 119
121003.000000 0.000000 0.000000 0.000000 120
122003.000000 0.000000 0.000000 0.000000 121
123003.000000 0.000000 0.000000 0.000000 122
124003.000000 0.000000 0.000000 0.000000 123
125003.000000 0.000000 0.000000 0.000000 124
126003.000000 0.000000 0.000000 0.000000 125
127003.000000 0.000000 0.000000 0.000000 126
128003.000000 0.000000 0.000000 0.000000 127
129003.000000 0.000000 0.000000 0.000000 128
130003.000000 0.000000 0.000000 0.000000 129
131003.000000 0.000000 0.000000 0.000000 130
132003.000000 0.000000 0.000000 0.000000 131
133003.000000 0.000000 0.000000 0.000000 132
134011.000000 0.000000 0.000000 0.000000 133
135011.000000 0.000000 0.000000 0.000000 134
136003.000000 0.000000 0.000000 0.000000 135
137003.000000 0.000000 0.000000 0.000000 136
138003.000000 0.000000 0.000000 0.000000 137
139003.000000 0.000000 0.000000 0.000000 138
140003.000000 0.000000 0.000000 0.000000 139
141003.000000 0.000000 0.000000 0.000000 140
142027.000000 0.000000 0.000000 0.000000 141
143003.000000 0.000000 0.000000 0.000000 142
144003.000000 0.000000 0.000000 0.000000 143
145011.000000 0.000000 0.000000 0.000000 144
146011.000000 0.000000 0.000000 0.000000 145
147003.000000 0.000000 0.000000 0.000000 146
148003.000000 0.000000 0.000000 0.000000 147
149003.000000 0.000000 0.000000 0.000000 148
150003.000000 0.000000 0.000000 0.000000 149
151003.000000 0.000000 0.000000 0.000000 150
152003.000000 0.000000 0.000000 0.000000 151
153003.000000 0.000000 0.000000 0.000000 152
154003.000000 0.000000 0.000000 0.000000 153
155003.000000 0.000000 0.000000 0.000000 154
156003.000000 0.000000 0.000000 0.000000 155
157003.000000 0.000000 0.000000 0.000000 156
158003.000000 0.000000 0.000000 0.000000 157
159011.000000 0.000000 0.000000 0.000000 158
160011.000000 0.000000 0.000000 0.000000 159
161035.000000 0.000000 0.000000 0.000000 160
162003.000000 0.000000 0.000000 0.000000 161
163003.000000 0.000000 0.000000 0.000000 162
164003.000000 0.000000 0.000000 0.000000 163
165003.000000 0.000000 0.000000 0.000000 164
166003.000000 0.000000 0.000000 0.000000 165
167003.000000 0.000000 0.000000 0.000000 166
168003.000000 0.000000 0.000000 0.000000 167
169003.000000 0.000000 0.000000 0.000000 168
170003.000000 0.000000 0.000000 0.000000 169
171003.000000 0.000000 0.000000 0.000000 170
172003.000000 0.000000 0.000000 0.000000 171
173003.000000 0.000000 0.000000 0.000000 172
174011.000000 0.000000 0.000000 0.000000 173
175011.000000 0.000000 0.000000 0.000000 174
176003.000000 0.000000 0.000000 0.000000 175
177003.000000 0.000000 0.000000 0.000000 176
178003.000000 0.000000 0.000000 0.000000 177
179003.000000 0.000000 0.000000 0.000000 178
180011.000000 0.000000 0.000000 0.000000 179
181011.000000 0.000000 0.000000 0.000000 180
182011.000000 0.000000 0.000000 0.000000 181
183003.000000 0.000000 0.000000 0.000000 182
184003.000000 0.000000 0.000000 0.000000 183
185003.000000 0.000000 0.000000 0.000000 184
186003.000000 0.000000 0.000000 0.000000 185
187003.000000 0.000000 0.000000 0.000000 186
188003.000000 0.000000 0.000000 0.000000 187
189003.000000 0.000000 0.000000 0.000000 188
190003.000000 0.000000 0.000000 0.000000 189
191011.000000 0.000000 0.000000 0.000000 190
192011.000000 0.000000 0.000000 0.000000 191
193003.000000 0.000000 0.000000 0.000000 192
194003.000000 0.000000 0.000000 0.000000 193
195003.000000 0.000000 0.000000 0.000000 194
196003.000000 0.000000 0.000000 0.000000 195
197003.000000 0.000000 0.000000 0.000000 196
198003.000000 0.000000 0.000000 0.000000 197
199003.000000 0.000000 0.000000 0.000000 198
200003.000000 0.000000 0.000000 0.000000 199
201003.000000 0.000000 0.000000 0.000000 200
202003.000000 0.000000 0.000000 0.000000 201
203003.000000 0.000000 0.000000 0.000000 202
204003.000000 0.000000 0.000000 0.000000 203
205003.000000 0.000000 0.000000 0.000000 204
206003.000000 0.000000 0.000000 0.000000 205
207003.000000 0.000000 0.000000 0.000000 206
208011.000000 0.000000 0.000000 0.000000 207
209011.000000 0.000000 0.000000 0.000000 208
210003.000000 0.000000 0.000000 0.000000 209
211003.000000 0.000000 0.000000 0.000000 210
212003.000000 0.000000 0.000000 0.000000 211
213003.000000 0.000000 0.000000 0.000000 212
214003.000000 0.000000 0.000000 0.000000 213
215003.000000 0.000000 0.000000 0.000000 214
216003.000000 0.000000 0.000000 0.000000 215
217003.000000 0.000000 0.000000 0.000000 216
218003.000000 0.000000 0.000000 0.000000 217
219003.000000 0.000000 0.000000 0.000000 218
220003.000000 0.000000 0.000000 0.000000 219
221011.000000 0.000000 0.000000 0.000000 220
222011.000000 0.000000 0.000000 0.000000 221
223011.000000 0.000000 0.000000 0.000000 222
224011.000000 0.000000 0.000000 0.000000 223
225003.000000 0.000000 0.000000 0.000000 224
226003.000000 0.000000 0.000000 0.000000 225
227011.000000 0.000000 0.000000 0.000000 226
228011.000000 0.000000 0.000000 0.000000 227
229003.000000 0.000000 0.000000 0.000000 228
230003.000000 0.000000 0.000000 0.000000 229
231003.000000 0.000000 0.000000 0.000000 230
232003.000000 0.000000 0.000000 0.000000 231
233003.000000 0.000000 0.000000 0.000000 232
234003.000000 0.000000 0.000000 0.000000 233
235003.000000 0.000000 0.000000 0.000000 234
236003.000000 0.000000 0.000000 0.000000 235
237003.000000 0.000000 0.000000 0.000000 236
238011.000000 0.000000 0.000000 0.000000 237
239011.000000 0.000000 0.000000 0.000000 238
240003.000000 0.000000 0.000000 0.000000 239
241003.000000 0.000000 0.000000 0.000000 240
242003.000000 0.000000 0.000000 0.000000 241
243003.000000 0.000000 0.000000 0.000000 242
244003.000000 0.000000 0.000000 0.000000 243
245004.000000 0.000000 0.000000 0.000000 244
246003.000000 0.000000 0.000000 0.000000 245
247003.000000 0.000000 0.000000 0.000000 246
248003.000000 0.000000 0.000000 0.000000 247
249003.000000 0.000000 0.000000 0.000000 248
250003.000000 0.000000 0.000000 0.000000 249
251003.000000 0.000000 0.000000 0.000000 250
252011.000000 0.000000 0.000000 0.000000 251
253011.000000 0.000000 0.000000 0.000000 252
254003.000000 0.000000 0.000000 0.000000 253
255004.000000 0.000000 0.000000 0.000000 254
256003.000000 0.000000 0.000000 0.000000 255
257003.000000 0.000000 0.000000 0.000000 256
258003.000000 0.000000 0.000000 0.000000 257
259003.000000 0.000000 0.000000 0.000000 258
260003.000000 0.000000 0.000000 0.000000 259
261003.000000 0.000000 0.000000 0.000000 260
262003.000000 0.000000 0.000000 0.000000 261
263003.000000 0.000000 0.000000 0.000000 262
264003.000000 0.000000 0.000000 0.000000 263
265011.000000 0.000000 0.000000 0.000000 264
266011.000000 0.000000 0.000000 0.000000 265
267003.000000 0.000000 0.000000 0.000000 266
268003.000000 0.000000 0.000000 0.000000 267
269011.000000 0.000000 0.000000 0.000000 268
270011.000000 0.000000 0.000000 0.000000 269
271003.000000 0.000000 0.000000 0.000000 270
272003.000000 0.000000 0.000000 0.000000 271
273019.000000 0.000000 0.000000 0.000000 272
274003.000000 0.000000 0.000000 0.000000 273
275003.000000 0.000000 0.000000 0.000000 274
276003.000000 0.000000 0.000000 0.000000 275
277003.000000 0.000000 0.000000 0.000000 276
278003.000000 0.000000 0.000000 0.000000 277
279003.000000 0.000000 0.000000 0.000000 278
280011.000000 0.000000 0.000000 0.000000 279
281011.000000 0.000000 0.000000 0.000000 280
282011.000000 0.000000 0.000000 0.000000 281
283011.000000 0.000000 0.000000 0.000000 282
284011.000000 0.000000 0.000000 0.000000 283
285011.000000 0.000000 0.000000 0.000000 284
286003.000000 0.000000 0.000000 0.000000 285
287003.000000 0.000000 0.000000 0.000000 286
288003.000000 0.000000 0.000000 0.000000 287
289003.000000 0.000000 0.000000 0.000000 288
290003.000000 0.000000 0.000000 0.000000 289
291003.000000 0.000000 0.000000 0.000000 290
292035.000000 0.000000 0.000000 0.000000 291
293003.000000 0.000000 0.000000 0.000000 292
294003.000000 0.000000 0.000000 0.000000 293
295011.000000 0.000000 0.000000 0.000000 294
296011.000000 0.000000 0.000000 0.000000 295
297003.000000 0.000000 0.000000 0.000000 296
298003.000000 0.000000 0.000000 0.000000 297
299003.000000 0.000000 0.000000 0.000000 298
300003.000000 0.000000 0.000000 0.000000 299
301003.000000 0.000000 0.000000 0.000000 300
302003.000000 0.000000 0.000000 0.000000 301
303003.000000 0.000000 0.000000 0.000000 302
304003.000000 0.000000 0.000000 0.000000 303
305003.000000 0.000000 0.000000 0.000000 304
306003.000000 0.000000 0.000000 0.000000 305
307011.000000 0.000000 0.000000 0.000000 306
308011.000000 0.000000 0.000000 0.000000 307
309003.000000 0.000000 0.000000 0.000000 308
310003.000000 0.000000 0.000000 0.000000 309
311003.000000 0.000000 0.000000 0.000000 310
312003.000000 0.000000 0.000000 0.000000 311
313003.000000 0.000000 0.000000 0.000000 312
314003.000000 0.000000 0.000000 0.000000 313
315003.000000 0.000000 0.000000 0.000000 314
316003.000000 0.000000 0.000000 0.000000 315
317003.000000 0.000000 0.000000 0.000000 316
318003.000000 0.000000 0.000000 0.000000 317
319003.000000 0.000000 0.000000 0.000000 318
320003.000000 0.000000 0.000000 0.000000 319
321003.000000 0.000000 0.000000 0.000000 320
322011.000000 0.000000 0.000000 0.000000 321
323011.000000 0.000000 0.000000 0.000000 322
324003.000000 0.000000 0.000000 0.000000 323
325003.000000 0.000000 0.000000 0.000000 324
326003.000000 0.000000 0.000000 0.000000 325
327003.000000 0.000000 0.000000 0.000000 326
328011.000000 0.000000 0.000000 0.000000 327
329003.000000 0.000000 0.000000 0.000000 328
330003.000000 0.000000 0.000000 0.000000 329
331003.000000 0.000000 0.000000 0.000000 330
332003.000000 0.000000 0.000000 0.000000 331
333003.000000 0.000000 0.000000 0.000000 332
334003.000000 0.000000 0.000000 0.000000 333
335011.000000 0.000000 0.000000 0.000000 334
336011.000000 0.000000 0.000000 0.000000 335
337003.000000 0.000000 0.000000 0.000000 336
338003.000000 0.000000 0.000000 0.000000 337
339003.000000 0.000000 0.000000 0.000000 338
340003.000000 0.000000 0.000000 0.000000 339
341003.000000 0.000000 0.000000 0.000000 340
342003.000000 0.000000 0.000000 0.000000 341
343003.000000 0.000000 0.000000 0.000000 342
344003.000000 0.000000 0.000000 0.000000 343
345011.000000 0.000000 0.000000 0.000000 344
346011.000000 0.000000 0.000000 0.000000 345
347011.000000 0.000000 0.000000 0.000000 346
348003.000000 0.000000 0.000000 0.000000 347
349003.000000 0.000000 0.000000 0.000000 348
350003.000000 0.000000 0.000000 0.000000 349
351003.000000 0.000000 0.000000 0.000000 350
352011.000000 0.000000 0.000000 0.000000 351
353011.000000 0.000000 0.000000 0.000000 352
354003.000000 0.000000 0.000000 0.000000 353
355003.000000 0.000000 0.000000 0.000000 354
356003.000000 0.000000 0.000000 0.000000 355
357003.000000 0.000000 0.000000 0.000000 356
358011.000000 0.000000 0.000000 0.000000 357
359011.000000 0.000000 0.000000 0.000000 358
360011.000000 0.000000 0.000000 0.000000 359
361011.000000 0.000000 0.000000 0.000000 360
362003.000000 0.000000 0.000000 0.000000 361
363003.000000 0.000000 0.000000 0.000000 362
364003.000000 0.000000 0.000000 0.000000 363
365003.000000 0.000000 0.000000 0.000000 364
366003.000000 0.000000 0.000000 0.000000 365
367003.000000 0.000000 0.000000 0.000000 366
368003.000000 0.000000 0.000000 0.000000 367
369003.000000 0.000000 0.000000 0.000000 368
370003.000000 0.000000 0.000000 0.000000 369
371011.000000 0.000000 0.000000 0.000000 370
372011.000000 0.000000 0.000000 0.000000 371
373003.000000 0.000000 0.000000 0.000000 372
374003.000000 0.000000 0.000000 0.000000 373
375003.000000 0.000000 0.000000 0.000000 374
376003.000000 0.000000 0.000000 0.000000 375
377003.000000 0.000000 0.000000 0.000000 376
378003.000000 0.000000 0.000000 0.000000 377
379003.000000 0.000000 0.000000 0.000000 378
380003.000000 0.000000 0.000000 0.000000 379
381003.000000 0.000000 0.000000 0.000000 380
382003.000000 0.000000 0.000000 0.000000 381
383011.000000 0.000000 0.000000 0.000000 382
384011.000000 0.000000 0.000000 0.000000 383
385011.000000 0.000000 0.000000 0.000000 384
386011.000000 0.000000 0.000000 0.000000 385
387011.000000 0.000000 0.000000 0.000000 386
388003.000000 0.000000 0.000000 0.000000 387
389003.000000 0.000000 0.000000 0.000000 388
390003.000000 0.000000 0.000000 0.000000 389
391003.000000 0.000000 0.000000 0.000000 390
392003.000000 0.000000 0.000000 0.000000 391
393003.000000 0.000000 0.000000 0.000000 392
394003.000000 0.000000 0.000000 0.000000 393
395003.000000 0.000000 0.000000 0.000000 394
396011.000000 0.000000 0.000000 0.000000 395
397011.000000 0.000000 0.000000 0.000000 396
398003.000000 0.000000 0.000000 0.000000 397
399003.000000 0.000000 0.000000 0.000000 398
400011.000000 0.000000 0.000000 0.000000 399
401011.000000 0.000000 0.000000 0.000000 400
402003.000000 0.000000 0.000000 0.000000 401
403003.000000 0.000000 0.000000 0.000000 402
404003.000000 0.000000 0.000000 0.000000 403
405003.000000 0.000000 0.000000 0.000000 404
406003.000000 0.000000 0.000000 0.000000 405
407003.000000 0.000000 0.000000 0.000000 406
408003.000000 0.000000 0.000000 0.000000 407
409011.000000 0.000000 0.000000 0.000000 408
410011.000000 0.000000 0.000000 0.000000 409
411003.000000 0.008200 0.016399 0.000000 410
412003.000000 0.011844 0.023688 0.000000 411
413003.000000 0.013666 0.027332 0.000000 412
414003.000000 0.013666 0.027332 0.000000 413
415003.000000 0.013666 0.027332 0.000000 414
416003.000000 0.013666 0.027332 0.000000 415
417003.000000 0.016399 0.032798 0.000000 416
418003.000000 0.016399 0.032798 0.000000 417
419011.000000 0.018221 0.036442 0.000000 418
420011.000000 0.019132 0.038264 0.000000 419
421027.000000 0.019132 0.038264 0.000000 420
422003.000000 0.019132 0.038264 0.000000 421
423003.000000 0.019132 0.038264 0.000000 422
424003.000000 0.019132 0.038264 0.000000 423
425003.000000 0.019132 0.038264 0.000000 424
426003.000000 0.028243 0.041909 0.014577 425
427003.000000 0.028243 0.041909 0.014577 426
428003.000000 0.039175 0.047375 0.014577 427
429003.000000 0.039175 0.047375 0.029154 428
430003.000000 0.039175 0.049197 0.029154 429
431003.000000 0.039175 0.049197 0.030976 430
432003.000000 0.041909 0.049197 0.038264 431
433003.000000 0.041909 0.049197 0.038264 432
434003.000000 0.044642 0.051019 0.038264 433
435003.000000 0.044642 0.051019 0.038264 434
436003.000000 0.044642 0.052841 0.038264 435
437003.000000 0.050108 0.054663 0.045553 436
438011.000000 0.050108 0.058308 0.045553 437
439011.000000 0.050108 0.058308 0.045553 438
440003.000000 0.050108 0.058308 0.045553 439
441003.000000 0.050108 0.058308 0.045553 440
442003.000000 0.056486 0.058308 0.054663 441
443003.000000 0.056486 0.058308 0.054663 442
444003.000000 0.061041 0.065596 0.056486 443
445011.000000 0.061041 0.065596 0.056486 444
446011.000000 0.061041 0.065596 0.058308 445
447003.000000 0.061041 0.065596 0.058308 446
448003.000000 0.061041 0.065596 0.058308 447
449003.000000 0.061041 0.065596 0.058308 448
450003.000000 0.068329 0.072885 0.063774 449
451003.000000 0.068329 0.072885 0.063774 450
452003.000000 0.068329 0.072885 0.063774 451
453003.000000 0.070151 0.072885 0.069240 452
454003.000000 0.070151 0.074707 0.069240 453
455011.000000 0.070151 0.074707 0.069240 454
456011.000000 0.070151 0.074707 0.069240 455
457003.000000 0.070151 0.078351 0.069240 456
458003.000000 0.073796 0.078351 0.069240 457
459003.000000 0.073796 0.078351 0.069240 458
460003.000000 0.073796 0.078351 0.069240 459
461003.000000 0.077440 0.081995 0.072885 460
462011.000000 0.077440 0.081995 0.072885 461
463011.000000 0.077440 0.081995 0.072885 462
464011.000000 0.077440 0.081995 0.080173 463
465011.000000 0.077440 0.083817 0.080173 464
466011.000000 0.077440 0.083817 0.080173 465
467011.000000 0.079262 0.087462 0.080173 466
468003.000000 0.084728 0.087462 0.081995 467
469003.000000 0.084728 0.089284 0.081995 468
470003.000000 0.084728 0.089284 0.081995 469
471003.000000 0.084728 0.089284 0.081995 470
472003.000000 0.090195 0.091106 0.089284 471
473003.000000 0.090195 0.091106 0.089284 472
474003.000000 0.090195 0.091106 0.089284 473
475003.000000 0.090195 0.092928 0.089284 474
476003.000000 0.090195 0.094750 0.089284 475
477003.000000 0.092017 0.094750 0.089284 476
478027.000000 0.094750 0.100216 0.089284 477
479011.000000 0.098394 0.100216 0.096572 478
480011.000000 0.100216 0.102038 0.098394 479
481003.000000 0.100216 0.102038 0.098394 480
482003.000000 0.100216 0.103861 0.098394 481
483003.000000 0.100216 0.105683 0.098394 482
484003.000000 0.100216 0.105683 0.098394 483
485003.000000 0.100216 0.105683 0.098394 484
486003.000000 0.100216 0.105683 0.098394 485
487003.000000 0.102038 0.109327 0.098394 486
488003.000000 0.102038 0.109327 0.098394 487
489011.000000 0.102038 0.109327 0.098394 488
490011.000000 0.102038 0.109327 0.098394 489
491003.000000 0.102038 0.109327 0.098394 490
492003.000000 0.106594 0.111149 0.102038 491
493003.000000 0.106594 0.111149 0.102038 492
494003.000000 0.107505 0.116615 0.102038 493
495004.000000 0.109327 0.118438 0.102038 494
496003.000000 0.111149 0.118438 0.109327 495
497003.000000 0.111149 0.118438 0.109327 496
498003.000000 0.112971 0.118438 0.109327 497
499003.000000 0.118438 0.120260 0.116615 498
500003.000000 0.119349 0.120260 0.118438 499
501003.000000 0.119349 0.122082 0.118438 500
502003.000000 0.119349 0.122082 0.118438 501
503004.000000 0.119349 0.122082 0.118438 502
504011.000000 0.119349 0.123904 0.118438 503
505011.000000 0.120260 0.127548 0.118438 504
506011.000000 0.123904 0.127548 0.123904 505
507011.000000 0.123904 0.127548 0.125726 506
508011.000000 0.123904 0.131192 0.125726 507
509011.000000 0.123904 0.131192 0.125726 508
510003.000000 0.123904 0.131192 0.125726 509
511003.000000 0.132103 0.134837 0.129370 510
512003.000000 0.132103 0.134837 0.129370 511
513003.000000 0.132103 0.134837 0.129370 512
514011.000000 0.132103 0.134837 0.129370 513
515011.000000 0.134837 0.136659 0.133014 514
516003.000000 0.134837 0.136659 0.133014 515
517003.000000 0.134837 0.138481 0.133014 516
518003.000000 0.136659 0.138481 0.136659 517
519003.000000 0.136659 0.140303 0.136659 518
520003.000000 0.136659 0.142125 0.136659 519
521003.000000 0.141214 0.142125 0.142125 520
522003.000000 0.141214 0.142125 0.142125 521
523003.000000 0.141214 0.145769 0.142125 522
524003.000000 0.142125 0.145769 0.143947 523
525003.000000 0.143036 0.147591 0.143947 524
526003.000000 0.143036 0.147591 0.143947 525
527004.000000 0.145769 0.149413 0.143947 526
528003.000000 0.145769 0.149413 0.143947 527
529011.000000 0.149413 0.149413 0.149413 528
530011.000000 0.149413 0.149413 0.149413 529
531003.000000 0.152147 0.153058 0.151236 530
532003.000000 0.152147 0.153058 0.151236 531
533003.000000 0.152147 0.154880 0.151236 532
534003.000000 0.152147 0.154880 0.151236 533
535011.000000 0.153969 0.156702 0.151236 534
536011.000000 0.153969 0.156702 0.151236 535
537012.000000 0.155791 0.158524 0.153058 536
538003.000000 0.155791 0.158524 0.153058 537
539003.000000 0.158524 0.158524 0.158524 538
540007.000000 0.158524 0.160346 0.158524 539
541003.000000 0.163079 0.163990 0.162168 540
542003.000000 0.163079 0.163990 0.162168 541
543003.000000 0.164901 0.165813 0.163990 542
544003.000000 0.164901 0.165813 0.163990 543
545003.000000 0.164901 0.165813 0.163990 544
546003.000000 0.164901 0.165813 0.163990 545
547003.000000 0.164901 0.165813 0.163990 546
548004.000000 0.167635 0.169457 0.165813 547
549003.000000 0.167635 0.169457 0.165813 548
550003.000000 0.167635 0.171279 0.165813 549
551003.000000 0.174012 0.174923 0.173101 550
552011.000000 0.174012 0.174923 0.173101 551
553011.000000 0.174012 0.174923 0.173101 552
554003.000000 0.174012 0.174923 0.173101 553
555003.000000 0.174012 0.178567 0.173101 554
556003.000000 0.174012 0.178567 0.173101 555
557003.000000 0.174012 0.178567 0.173101 556
558003.000000 0.176745 0.178567 0.178567 557
559003.000000 0.176745 0.178567 0.178567 558
560003.000000 0.176745 0.178567 0.178567 559
561011.000000 0.177656 0.178567 0.178567 560
562011.000000 0.180389 0.180389 0.180389 561
563011.000000 0.182212 0.180389 0.185856 562
564011.000000 0.182212 0.187678 0.185856 563
565011.000000 0.182212 0.187678 0.185856 564
566011.000000 0.183123 0.187678 0.185856 565
567011.000000 0.189500 0.187678 0.191322 566
568011.000000 0.189500 0.187678 0.191322 567
569003.000000 0.189500 0.187678 0.191322 568
570003.000000 0.189500 0.191322 0.191322 569
571003.000000 0.189500 0.193144 0.191322 570
572003.000000 0.190411 0.193144 0.191322 571
573003.000000 0.192233 0.194966 0.191322 572
574003.000000 0.194966 0.194966 0.196788 573
575035.000000 0.197700 0.198611 0.196788 574
576003.000000 0.197700 0.198611 0.198611 575
577003.000000 0.197700 0.198611 0.198611 576
578003.000000 0.197700 0.198611 0.198611 577
579003.000000 0.197700 0.198611 0.198611 578
580011.000000 0.197700 0.198611 0.198611 579
581011.000000 0.197700 0.198611 0.198611 580
582011.000000 0.198611 0.198611 0.200433 581
583011.000000 0.198611 0.200433 0.200433 582
584011.000000 0.200433 0.204077 0.200433 583
585011.000000 0.201344 0.205899 0.200433 584
586003.000000 0.201344 0.205899 0.200433 585
587003.000000 0.203166 0.207721 0.200433 586
588003.000000 0.204988 0.207721 0.204077 587
589003.000000 0.207721 0.209543 0.205899 588
590011.000000 0.210454 0.209543 0.211365 589
591011.000000 0.212276 0.211365 0.213188 590
592003.000000 0.212276 0.211365 0.213188 591
593003.000000 0.213188 0.211365 0.215010 592
594003.000000 0.213188 0.211365 0.215010 593
595003.000000 0.213188 0.211365 0.215010 594
596003.000000 0.213188 0.215010 0.215010 595
597003.000000 0.213188 0.216832 0.215010 596
598003.000000 0.215010 0.218654 0.215010 597
599003.000000 0.216832 0.218654 0.218654 598
600003.000000 0.221387 0.220476 0.222298 599
601003.000000 0.221387 0.220476 0.222298 600
602003.000000 0.221387 0.220476 0.222298 601
603004.000000 0.221387 0.222298 0.222298 602
604003.000000 0.222298 0.225942 0.222298 603
605011.000000 0.222298 0.225942 0.225942 604
606011.000000 0.222298 0.225942 0.225942 605
607011.000000 0.225942 0.229587 0.225942 606
608011.000000 0.225942 0.229587 0.225942 607
609011.000000 0.227764 0.229587 0.227764 608
610011.000000 0.227764 0.229587 0.227764 609
611011.000000 0.228675 0.231409 0.227764 610
612011.000000 0.230498 0.231409 0.231409 611
613003.000000 0.232320 0.231409 0.233231 612
614003.000000 0.232320 0.233231 0.233231 613
615035.000000 0.232320 0.233231 0.233231 614
616003.000000 0.234142 0.233231 0.236875 615
617003.000000 0.234142 0.236875 0.236875 616
618011.000000 0.235964 0.238697 0.236875 617
619011.000000 0.235964 0.238697 0.240519 618
620003.000000 0.238697 0.240519 0.240519 619
621003.000000 0.238697 0.240519 0.240519 620
622003.000000 0.238697 0.240519 0.240519 621
623003.000000 0.240519 0.245986 0.240519 622
624003.000000 0.241430 0.245986 0.245986 623
625003.000000 0.241430 0.245986 0.245986 624
626003.000000 0.245986 0.245986 0.247808 625
627003.000000 0.245986 0.245986 0.247808 626
628011.000000 0.248719 0.249630 0.247808 627
629011.000000 0.248719 0.249630 0.247808 628
630011.000000 0.248719 0.249630 0.249630 629
631011.000000 0.251452 0.249630 0.253274 630
632011.000000 0.251452 0.251452 0.253274 631
633011.000000 0.251452 0.251452 0.253274 632
634051.000000 0.255096 0.255096 0.255096 633
635003.000000 0.255096 0.255096 0.255096 634
636003.000000 0.255096 0.255096 0.255096 635
637003.000000 0.255096 0.255096 0.255096 636
638003.000000 0.255096 0.255096 0.255096 637
639011.000000 0.255096 0.258740 0.255096 638
640011.000000 0.261474 0.258740 0.264207 639
641003.000000 0.261474 0.258740 0.264207 640
642004.000000 0.262385 0.260563 0.264207 641
643003.000000 0.262385 0.262385 0.264207 642
644003.000000 0.262385 0.262385 0.264207 643
645003.000000 0.266029 0.264207 0.267851 644
646003.000000 0.266029 0.266029 0.267851 645
647003.000000 0.266029 0.266029 0.267851 646
648020.000000 0.267851 0.267851 0.267851 647
649003.000000 0.267851 0.267851 0.267851 648
650004.000000 0.267851 0.267851 0.271495 649
651003.000000 0.272406 0.269673 0.275139 650
652003.000000 0.272406 0.269673 0.275139 651
653003.000000 0.272406 0.269673 0.275139 652
654011.000000 0.273317 0.271495 0.275139 653
655011.000000 0.274228 0.275139 0.275139 654
656003.000000 0.274228 0.275139 0.275139 655
657003.000000 0.276050 0.278784 0.275139 656
658003.000000 0.279695 0.278784 0.280606 657
659003.000000 0.280606 0.278784 0.284250 658
660003.000000 0.280606 0.278784 0.284250 659
661003.000000 0.280606 0.278784 0.284250 660
662011.000000 0.280606 0.278784 0.284250 661
663011.000000 0.285161 0.284250 0.286072 662
664011.000000 0.285161 0.284250 0.286072 663
665011.000000 0.285161 0.284250 0.286072 664
666003.000000 0.285161 0.284250 0.286072 665
667003.000000 0.285161 0.284250 0.286072 666
668003.000000 0.286983 0.286072 0.287894 667
669003.000000 0.291538 0.287894 0.295183 668
670003.000000 0.292450 0.289716 0.295183 669
671003.000000 0.292450 0.291538 0.295183 670
672003.000000 0.292450 0.291538 0.295183 671
673003.000000 0.292450 0.291538 0.295183 672
674003.000000 0.292450 0.293361 0.295183 673
675003.000000 0.292450 0.293361 0.295183 674
676003.000000 0.292450 0.293361 0.295183 675
677003.000000 0.294272 0.297005 0.295183 676
678003.000000 0.297916 0.300649 0.295183 677
679003.000000 0.297916 0.300649 0.295183 678
680003.000000 0.297916 0.300649 0.297005 679
681003.000000 0.298827 0.300649 0.297005 680
682003.000000 0.298827 0.300649 0.297005 681
683003.000000 0.299738 0.300649 0.298827 682
684003.000000 0.301560 0.302471 0.300649 683
685003.000000 0.301560 0.304293 0.300649 684
686003.000000 0.301560 0.304293 0.300649 685
687003.000000 0.302471 0.306115 0.300649 686
688003.000000 0.303382 0.306115 0.302471 687
689011.000000 0.306115 0.307938 0.304293 688
690011.000000 0.308849 0.309760 0.307938 689
691003.000000 0.312493 0.309760 0.315226 690
692003.000000 0.316137 0.311582 0.320692 691
693019.000000 0.316137 0.311582 0.320692 692
694003.000000 0.316137 0.313404 0.320692 693
695003.000000 0.316137 0.313404 0.320692 694
696003.000000 0.316137 0.313404 0.320692 695
697003.000000 0.316137 0.315226 0.320692 696
698004.000000 0.320692 0.318870 0.322514 697
699003.000000 0.321603 0.318870 0.324337 698
700003.000000 0.321603 0.318870 0.324337 699
701003.000000 0.321603 0.318870 0.324337 700
702003.000000 0.321603 0.318870 0.324337 701
703011.000000 0.325248 0.320692 0.329803 702
704003.000000 0.327070 0.324337 0.329803 703
705003.000000 0.327070 0.324337 0.329803 704
706003.000000 0.327070 0.324337 0.329803 705
707003.000000 0.327070 0.324337 0.331625 706
708011.000000 0.329803 0.326159 0.333447 707
709011.000000 0.329803 0.327981 0.333447 708
710011.000000 0.330714 0.329803 0.333447 709
711011.000000 0.333447 0.329803 0.337091 710
712011.000000 0.333447 0.329803 0.337091 711
713011.000000 0.336180 0.333447 0.338913 712
714011.000000 0.336180 0.333447 0.338913 713
715003.000000 0.336180 0.333447 0.338913 714
716003.000000 0.337091 0.333447 0.340736 715
717003.000000 0.337091 0.333447 0.340736 716
718003.000000 0.337091 0.333447 0.340736 717
719003.000000 0.346202 0.342558 0.349846 718
720003.000000 0.346202 0.342558 0.349846 719
721003.000000 0.346202 0.342558 0.349846 720
722004.000000 0.346202 0.342558 0.349846 721
723003.000000 0.346202 0.342558 0.349846 722
724003.000000 0.346202 0.344380 0.349846 723
725003.000000 0.346202 0.344380 0.349846 724
726003.000000 0.348935 0.344380 0.355313 725
727003.000000 0.349846 0.348024 0.355313 726
728003.000000 0.350757 0.348024 0.355313 727
729011.000000 0.350757 0.348024 0.355313 728
730011.000000 0.350757 0.348024 0.355313 729
731011.000000 0.350757 0.348024 0.355313 730
732003.000000 0.350757 0.348024 0.357135 731
733003.000000 0.355313 0.353490 0.357135 732
734003.000000 0.355313 0.353490 0.357135 733
735003.000000 0.358957 0.357135 0.360779 734
736003.000000 0.358957 0.357135 0.360779 735
737003.000000 0.360779 0.357135 0.364423 736
738003.000000 0.360779 0.357135 0.364423 737
739003.000000 0.360779 0.358957 0.364423 738
740003.000000 0.360779 0.358957 0.366245 739
741004.000000 0.360779 0.360779 0.366245 740
742003.000000 0.366245 0.362601 0.369889 741
743003.000000 0.366245 0.362601 0.369889 742
744003.000000 0.366245 0.364423 0.369889 743
745003.000000 0.368978 0.366245 0.371712 744
746011.000000 0.368978 0.366245 0.373534 745
747011.000000 0.368978 0.366245 0.373534 746
748011.000000 0.368978 0.366245 0.373534 747
749011.000000 0.374445 0.368067 0.380822 748
750027.000000 0.374445 0.369889 0.380822 749
751003.000000 0.374445 0.369889 0.380822 750
752003.000000 0.374445 0.369889 0.380822 751
753003.000000 0.379000 0.375356 0.382644 752
754003.000000 0.379000 0.375356 0.382644 753
755011.000000 0.379000 0.375356 0.384466 754
756011.000000 0.379000 0.375356 0.384466 755
757003.000000 0.380822 0.375356 0.388111 756
758003.000000 0.382644 0.375356 0.389933 757
759003.000000 0.382644 0.377178 0.389933 758
760003.000000 0.382644 0.379000 0.389933 759
761003.000000 0.382644 0.379000 0.389933 760
762003.000000 0.382644 0.379000 0.389933 761
763003.000000 0.382644 0.379000 0.389933 762
764003.000000 0.382644 0.379000 0.389933 763
765003.000000 0.389022 0.384466 0.393577 764
766003.000000 0.393577 0.388111 0.399043 765
767003.000000 0.393577 0.388111 0.399043 766
768003.000000 0.393577 0.388111 0.400865 767
769004.000000 0.397221 0.388111 0.406332 768
770003.000000 0.397221 0.388111 0.406332 769
771003.000000 0.399043 0.391755 0.406332 770
772011.000000 0.400865 0.395399 0.406332 771
773011.000000 0.405421 0.399043 0.411798 772
774003.000000 0.405421 0.399043 0.411798 773
775003.000000 0.405421 0.400865 0.411798 774
776003.000000 0.406332 0.400865 0.413620 775
777003.000000 0.406332 0.400865 0.413620 776
778003.000000 0.407243 0.402688 0.413620 777
779003.000000 0.408154 0.404510 0.413620 778
780003.000000 0.408154 0.404510 0.413620 779
781003.000000 0.408154 0.406332 0.413620 780
782011.000000 0.409065 0.406332 0.413620 781
783011.000000 0.410887 0.406332 0.415442 782
784003.000000 0.410887 0.408154 0.415442 783
785003.000000 0.416353 0.411798 0.420909 784
786003.000000 0.417264 0.411798 0.422731 785
787003.000000 0.417264 0.413620 0.422731 786
788003.000000 0.417264 0.413620 0.422731 787
789003.000000 0.417264 0.413620 0.422731 788
790003.000000 0.418175 0.413620 0.424553 789
791003.000000 0.420909 0.413620 0.428197 790
792003.000000 0.420909 0.413620 0.428197 791
793003.000000 0.421820 0.419087 0.428197 792
794003.000000 0.422731 0.419087 0.428197 793
795003.000000 0.427286 0.420909 0.433663 794
796003.000000 0.427286 0.420909 0.433663 795
797003.000000 0.427286 0.420909 0.433663 796
798003.000000 0.429108 0.424553 0.433663 797
799003.000000 0.430019 0.426375 0.433663 798
800003.000000 0.430930 0.426375 0.435486 799
801011.000000 0.430930 0.426375 0.439130 800
802011.000000 0.430930 0.426375 0.439130 801
803011.000000 0.433663 0.430019 0.439130 802
804011.000000 0.434575 0.430019 0.440952 803
805011.000000 0.434575 0.431841 0.440952 804
806011.000000 0.442774 0.435486 0.450063 805
807003.000000 0.442774 0.439130 0.450063 806
808003.000000 0.442774 0.439130 0.451885 807
809003.000000 0.442774 0.439130 0.451885 808
810003.000000 0.442774 0.439130 0.451885 809
811003.000000 0.442774 0.439130 0.451885 810
812003.000000 0.445507 0.440952 0.451885 811
813003.000000 0.445507 0.440952 0.451885 812
814003.000000 0.449151 0.442774 0.455529 813
815003.000000 0.450063 0.446418 0.455529 814
816011.000000 0.457351 0.450063 0.464639 815
817011.000000 0.457351 0.450063 0.464639 816
818003.000000 0.458262 0.450063 0.466462 817
819003.000000 0.458262 0.450063 0.466462 818
820003.000000 0.458262 0.450063 0.466462 819
821003.000000 0.458262 0.450063 0.466462 820
822003.000000 0.458262 0.450063 0.466462 821
823003.000000 0.465550 0.457351 0.473750 822
824003.000000 0.465551 0.459173 0.473750 823
825003.000000 0.465551 0.459173 0.473750 824
826003.000000 0.466462 0.460995 0.473750 825
827003.000000 0.468284 0.460995 0.477394 826
828003.000000 0.468284 0.460995 0.477394 827
829003.000000 0.468284 0.460995 0.477394 828
830003.000000 0.472839 0.466462 0.479216 829
831003.000000 0.474661 0.466462 0.486505 830
832003.000000 0.474661 0.468284 0.486505 831
833003.000000 0.474661 0.468284 0.486505 832
834003.000000 0.474661 0.468284 0.486505 833
835003.000000 0.479216 0.471928 0.486505 834
836003.000000 0.484683 0.475572 0.493793 835
837011.000000 0.486505 0.477394 0.495615 836
838011.000000 0.486505 0.477394 0.495615 837
839003.000000 0.486505 0.477394 0.495615 838
840003.000000 0.486505 0.477394 0.495615 839
841003.000000 0.486505 0.477394 0.495615 840
842003.000000 0.487416 0.481038 0.495615 841
843011.000000 0.490149 0.484683 0.495615 842
844011.000000 0.490149 0.484683 0.495615 843
845011.000000 0.490149 0.484683 0.495615 844
846003.000000 0.491971 0.484683 0.501082 845
847003.000000 0.491971 0.486505 0.501082 846
848003.000000 0.496526 0.490149 0.502904 847
849003.000000 0.498349 0.490149 0.508370 848
850003.000000 0.502904 0.493793 0.512014 849
851003.000000 0.504726 0.495615 0.513837 850
852011.000000 0.510192 0.501082 0.519303 851
853011.000000 0.511103 0.501082 0.522947 852
854003.000000 0.511103 0.501082 0.522947 853
855003.000000 0.511103 0.502904 0.522947 854
856003.000000 0.512014 0.504726 0.522947 855
857003.000000 0.516570 0.504726 0.528413 856
858011.000000 0.518392 0.508370 0.528413 857
859011.000000 0.518392 0.512014 0.528413 858
860003.000000 0.520214 0.512014 0.528413 859
861003.000000 0.523858 0.512014 0.535702 860
862003.000000 0.524769 0.515659 0.535702 861
863003.000000 0.524769 0.515659 0.535702 862
864003.000000 0.526591 0.515659 0.541168 863
865003.000000 0.526591 0.517481 0.541168 864
866003.000000 0.530236 0.521125 0.541168 865
867003.000000 0.535702 0.524769 0.546635 866
868011.000000 0.535702 0.524769 0.546635 867
869003.000000 0.539346 0.524769 0.553923 868
870003.000000 0.539346 0.524769 0.553923 869
871003.000000 0.545724 0.530236 0.561212 870
872003.000000 0.545724 0.530236 0.561212 871
873003.000000 0.547546 0.533880 0.561212 872
874011.000000 0.547546 0.533880 0.561212 873
875003.000000 0.550279 0.539346 0.561212 874
876003.000000 0.553012 0.539346 0.568500 875
877003.000000 0.553012 0.539346 0.568500 876
878003.000000 0.555745 0.542990 0.568500 877
879003.000000 0.557567 0.542990 0.577611 878
880003.000000 0.557567 0.544813 0.577611 879
881011.000000 0.557567 0.544813 0.577611 880
882011.000000 0.572144 0.559389 0.584899 881
883003.000000 0.572144 0.559389 0.590365 882
884003.000000 0.573055 0.559389 0.590365 883
885003.000000 0.573055 0.559389 0.590365 884
886003.000000 0.577611 0.561212 0.594010 885
887028.000000 0.579433 0.564856 0.594010 886
888003.000000 0.580344 0.564856 0.595832 887
889003.000000 0.583988 0.570322 0.597654 888
890003.000000 0.587632 0.572144 0.603120 889
891003.000000 0.592188 0.575788 0.608587 890
892003.000000 0.594010 0.579433 0.608587 891
893003.000000 0.594010 0.579433 0.608587 892
894011.000000 0.594921 0.579433 0.610409 893
895011.000000 0.599476 0.579433 0.621341 894
896003.000000 0.606764 0.584899 0.628630 895
897035.000000 0.606764 0.584899 0.628630 896
898003.000000 0.609498 0.594010 0.628630 897
899003.000000 0.611320 0.594010 0.628630 898
900011.000000 0.618608 0.597654 0.639563 899
901011.000000 0.620430 0.599476 0.641385 900
902003.000000 0.624986 0.604942 0.645029 901
903003.000000 0.626808 0.606764 0.646851 902
904003.000000 0.635007 0.612231 0.657784 903
905003.000000 0.635007 0.612231 0.657784 904
906003.000000 0.642296 0.619519 0.665072 905
907003.000000 0.642296 0.619519 0.665072 906
908003.000000 0.646851 0.619519 0.676005 907
909003.000000 0.655962 0.628630 0.683293 908
910003.000000 0.660517 0.637740 0.683293 909
911003.000000 0.660517 0.637740 0.688760 910
912003.000000 0.665983 0.641385 0.690582 911
913003.000000 0.671450 0.646851 0.696048 912
914003.000000 0.676005 0.646851 0.706981 913
915003.000000 0.686026 0.654139 0.717913 914
916003.000000 0.686026 0.654139 0.719736 915
917003.000000 0.696959 0.665072 0.728846 916
918003.000000 0.697870 0.668716 0.728846 917
919003.000000 0.706070 0.668716 0.743423 918
920003.000000 0.711536 0.676005 0.747067 919
921011.000000 0.723380 0.688760 0.758000 920
922011.000000 0.728846 0.696048 0.761644 921
923011.000000 0.737046 0.699692 0.774399 922
924011.000000 0.739779 0.705159 0.774399 923
925011.000000 0.746156 0.714269 0.778043 924
926011.000000 0.755267 0.719736 0.790798 925
927028.000000 0.760733 0.725202 0.796264 926
928003.000000 0.765288 0.727024 0.803553 927
929003.000000 0.774399 0.739779 0.809019 928
930003.000000 0.778043 0.743423 0.812663 929
931003.000000 0.790798 0.754356 0.827240 930
932003.000000 0.798998 0.759822 0.838173 931
933003.000000 0.806286 0.770755 0.841817 932
934003.000000 0.809019 0.770755 0.847284 933
935003.000000 0.817219 0.779865 0.854572 934
936003.000000 0.823596 0.783510 0.863683 935
937003.000000 0.833618 0.794442 0.872793 936
938003.000000 0.839995 0.799909 0.880082 937
939003.000000 0.846373 0.801731 0.891014 938
940003.000000 0.864594 0.814486 0.914702 939
941003.000000 0.872793 0.825418 0.920168 940
942003.000000 0.872793 0.825418 0.920168 941
943003.000000 0.879171 0.838173 0.920168 942
944003.000000 0.885548 0.847284 0.923813 943
945003.000000 0.893748 0.861861 0.925635 944
946003.000000 0.893748 0.863683 0.925635 945
947003.000000 0.900125 0.881904 0.925635 946
948003.000000 0.904680 0.894659 0.925635 947
949003.000000 0.909236 0.900125 0.925635 948
950003.000000 0.911058 0.901947 0.925635 949
951003.000000 0.913791 0.901947 0.925635 950
952004.000000 0.913791 0.901947 0.925635 951
953003.000000 0.913791 0.901947 0.925635 952
954003.000000 0.913791 0.903769 0.925635 953
955003.000000 0.913791 0.903769 0.925635 954
956003.000000 0.913791 0.903769 0.925635 955
957004.000000 0.913791 0.903769 0.925635 956
958003.000000 0.913791 0.903769 0.927457 957
959003.000000 0.913791 0.903769 0.927457 958
960003.000000 0.913791 0.903769 0.927457 959
961011.000000 0.913791 0.903769 0.927457 960
962011.000000 0.913791 0.903769 0.927457 961
963011.000000 0.913791 0.903769 0.927457 962
964011.000000 0.913791 0.903769 0.927457 963
965011.000000 0.913791 0.903769 0.927457 964
966011.000000 0.913791 0.903769 0.927457 965
967011.000000 0.913791 0.903769 0.927457 966
968011.000000 0.913791 0.903769 0.927457 967
969011.000000 0.913791 0.903769 0.927457 968
970011.000000 0.913791 0.903769 0.927457 969
971003.000000 0.913791 0.903769 0.927457 970
972003.000000 0.913791 0.903769 0.927457 971
973003.000000 0.913791 0.903769 0.927457 972
974003.000000 0.913791 0.903769 0.927457 973
975003.000000 0.913791 0.903769 0.927457 974
976003.000000 0.913791 0.903769 0.927457 975
977003.000000 0.913791 0.903769 0.927457 976
978011.000000 0.913791 0.903769 0.927457 977
979011.000000 0.914702 0.903769 0.927457 978
980011.000000 0.914702 0.903769 0.927457 979
981011.000000 0.914702 0.903769 0.927457 980
982011.000000 0.914702 0.903769 0.927457 981
983011.000000 0.914702 0.903769 0.927457 982
984011.000000 0.914702 0.903769 0.927457 983
985011.000000 0.914702 0.903769 0.927457 984
986004.000000 0.914702 0.903769 0.927457 985
987003.000000 0.914702 0.903769 0.927457 986
988003.000000 0.914702 0.903769 0.927457 987
989003.000000 0.914702 0.903769 0.927457 988
990003.000000 0.914702 0.903769 0.927457 989
991003.000000 0.914702 0.903769 0.927457 990
992003.000000 0.914702 0.903769 0.927457 991
993003.000000 0.914702 0.903769 0.927457 992
994003.000000 0.914702 0.903769 0.927457 993
995003.000000 0.914702 0.903769 0.927457 994
996003.000000 0.914702 0.903769 0.927457 995
997003.000000 0.914702 0.903769 0.927457 996
998003.000000 0.914702 0.903769 0.927457 997
999003.000000 0.914702 0.903769 0.927457 998
1000003.000000 0.914702 0.903769 0.927457 999
1001003.000000 0.914702 0.903769 0.927457 1000
1002003.000000 0.914702 0.903769 0.927457 1001
1003011.000000 0.914702 0.903769 0.927457 1002
1004011.000000 0.914702 0.903769 0.927457 1003
1005003.000000 0.914702 0.903769 0.927457 1004
1006003.000000 0.914702 0.903769 0.927457 1005
1007003.000000 0.914702 0.903769 0.927457 1006
1008003.000000 0.914702 0.903769 0.927457 1007
1009011.000000 0.914702 0.903769 0.927457 1008
1010011.000000 0.914702 0.903769 0.927457 1009
1011003.000000 0.914702 0.903769 0.927457 1010
1012003.000000 0.914702 0.903769 0.927457 1011
1013003.000000 0.914702 0.903769 0.927457 1012
1014003.000000 0.914702 0.903769 0.927457 1013
1015003.000000 0.914702 0.903769 0.927457 1014
1016003.000000 0.914702 0.903769 0.927457 1015
1017003.000000 0.914702 0.903769 0.927457 1016
1018003.000000 0.914702 0.903769 0.927457 1017
1019003.000000 0.914702 0.903769 0.927457 1018
1020003.000000 0.914702 0.903769 0.927457 1019
1021003.000000 0.914702 0.903769 0.927457 1020
1022003.000000 0.914702 0.903769 0.927457 1021
1023003.000000 0.914702 0.903769 0.927457 1022
1024003.000000 0.914702 0.903769 0.927457 1023
1025003.000000 0.914702 0.903769 0.927457 1024
