593392102.000000 0.0 0.0 0.0 1
0.000000 0.0 0.0 0.0 2
1.000000 0.0 0.0 0.0 3
1.000000 0.0 0.0 0.0 4
1.000000 0.0 0.0 0.0 5
1.000000 0.0 0.0 0.0 6
1.000000 0.0 0.0 0.0 7
1.000000 0.0 0.0 0.0 8
1.000000 0.0 0.0 0.0 9
1.000000 0.0 0.0 0.0 10
1.000000 0.0 0.0 0.0 11
1.000000 0.0 0.0 0.0 12
1.000000 0.0 0.0 0.0 13
1.000000 0.0 0.0 0.0 14
1.000000 0.0 0.0 0.0 15
1.000000 0.0 0.0 0.0 16
1.000000 0.0 0.0 0.0 17
1.000000 0.0 0.0 0.0 18
1.000000 0.0 0.0 0.0 19
1.000000 0.0 0.0 0.0 20
1.000000 0.0 0.0 0.0 21
1.000000 0.0 0.0 0.0 22
1.000000 0.0 0.0 0.0 23
1.000000 0.0 0.0 0.0 24
1.000000 0.0 0.0 0.0 25
1.000000 0.0 0.0 0.0 26
1.000000 0.0 0.0 0.0 27
1.000000 0.0 0.0 0.0 28
1.000000 0.0 0.0 0.0 29
1.000000 0.0 0.0 0.0 30
1.000000 0.0 0.0 0.0 31
1.000000 0.0 0.0 0.0 32
1.000000 0.0 0.0 0.0 33
1.000000 0.0 0.0 0.0 34
1.000000 0.0 0.0 0.0 35
1.000000 0.0 0.0 0.0 36
1.000000 0.0 0.0 0.0 37
1.000000 0.0 0.0 0.0 38
1.000000 0.0 0.0 0.0 39
1.000000 0.0 0.0 0.0 40
1.000000 0.0 0.0 0.0 41
1.000000 0.0 0.0 0.0 42
1.000000 0.0 0.0 0.0 43
1.000000 0.0 0.0 0.0 44
1.000000 0.0 0.0 0.0 45
1.000000 0.0 0.0 0.0 46
1.000000 0.0 0.0 0.0 47
1.000000 0.0 0.0 0.0 48
1.000000 0.0 0.0 0.0 49
1.000000 0.0 0.0 0.0 50
1.000000 0.0 0.0 0.0 51
1.000000 0.0 0.0 0.0 52
1.000000 0.0 0.0 0.0 53
1.000000 0.0 0.0 0.0 54
1.000000 0.0 0.0 0.0 55
1.000000 0.0 0.0 0.0 56
1.000000 0.0 0.0 0.0 57
1.000000 0.0 0.0 0.0 58
2.000000 0.0 0.0 0.0 59
2.000000 0.0 0.0 0.0 60
2.000000 0.0 0.0 0.0 61
2.000000 0.0 0.0 0.0 62
2.000000 0.0 0.0 0.0 63
2.000000 0.0 0.0 0.0 64
2.000000 0.0 0.0 0.0 65
2.000000 0.0 0.0 0.0 66
2.000000 0.0 0.0 0.0 67
2.000000 0.0 0.0 0.0 68
2.000000 0.0 0.0 0.0 69
2.000000 0.0 0.0 0.0 70
2.000000 0.0 0.0 0.0 71
2.000000 0.0 0.0 0.0 72
2.000000 0.0 0.0 0.0 73
2.000000 0.0 0.0 0.0 74
2.000000 0.0 0.0 0.0 75
2.000000 0.0 0.0 0.0 76
2.000000 0.0 0.0 0.0 77
2.000000 0.0 0.0 0.0 78
2.000000 0.0 0.0 0.0 79
2.000000 0.0 0.0 0.0 80
2.000000 0.0 0.0 0.0 81
2.000000 0.0 0.0 0.0 82
2.000000 0.0 0.0 0.0 83
2.000000 0.0 0.0 0.0 84
2.000000 0.0 0.0 0.0 85
2.000000 0.0 0.0 0.0 86
2.000000 0.0 0.0 0.0 87
2.000000 0.0 0.0 0.0 88
2.000000 0.0 0.0 0.0 89
2.000000 0.0 0.0 0.0 90
2.000000 0.0 0.0 0.0 91
2.000000 0.0 0.0 0.0 92
2.000000 0.0 0.0 0.0 93
2.000000 0.0 0.0 0.0 94
2.000000 0.0 0.0 0.0 95
2.000000 0.0 0.0 0.0 96
2.000000 0.0 0.0 0.0 97
2.000000 0.0 0.0 0.0 98
2.000000 0.0 0.0 0.0 99
2.000000 0.0 0.0 0.0 100
2.000000 0.0 0.0 0.0 101
2.000000 0.0 0.0 0.0 102
2.000000 0.0 0.0 0.0 103
2.000000 0.0 0.0 0.0 104
2.000000 0.0 0.0 0.0 105
2.000000 0.0 0.0 0.0 106
2.000000 0.0 0.0 0.0 107
2.000000 0.0 0.0 0.0 108
2.000000 0.0 0.0 0.0 109
2.000000 0.0 0.0 0.0 110
2.000000 0.0 0.0 0.0 111
2.000000 0.0 0.0 0.0 112
2.000000 0.0 0.0 0.0 113
2.000000 0.0 0.0 0.0 114
2.000000 0.0 0.0 0.0 115
2.000000 0.0 0.0 0.0 116
2.000000 0.0 0.0 0.0 117
2.000000 0.0 0.0 0.0 118
2.000000 0.0 0.0 0.0 119
2.000000 0.0 0.0 0.0 120
2.000000 0.0 0.0 0.0 121
2.000000 0.0 0.0 0.0 122
2.000000 0.0 0.0 0.0 123
2.000000 0.0 0.0 0.0 124
2.000000 0.0 0.0 0.0 125
2.000000 0.0 0.0 0.0 126
2.000000 0.0 0.0 0.0 127
3.000000 0.0 0.0 0.0 128
3.000000 0.0 0.0 0.0 129
3.000000 0.0 0.0 0.0 130
3.000000 0.0 0.0 0.0 131
3.000000 0.0 0.0 0.0 132
3.000000 0.0 0.0 0.0 133
3.000000 0.0 0.0 0.0 134
3.000000 0.0 0.0 0.0 135
3.000000 0.0 0.0 0.0 136
3.000000 0.0 0.0 0.0 137
3.000000 0.0 0.0 0.0 138
3.000000 0.0 0.0 0.0 139
3.000000 0.0 0.0 0.0 140
3.000000 0.0 0.0 0.0 141
3.000000 0.0 0.0 0.0 142
3.000000 0.0 0.0 0.0 143
3.000000 0.0 0.0 0.0 144
3.000000 0.0 0.0 0.0 145
3.000000 0.0 0.0 0.0 146
3.000000 0.0 0.0 0.0 147
3.000000 0.0 0.0 0.0 148
3.000000 0.0 0.0 0.0 149
3.000000 0.0 0.0 0.0 150
3.000000 0.0 0.0 0.0 151
3.000000 0.0 0.0 0.0 152
3.000000 0.0 0.0 0.0 153
3.000000 0.0 0.0 0.0 154
3.000000 0.0 0.0 0.0 155
3.000000 0.0 0.0 0.0 156
3.000000 0.0 0.0 0.0 157
3.000000 0.0 0.0 0.0 158
3.000000 0.0 0.0 0.0 159
3.000000 0.0 0.0 0.0 160
3.000000 0.0 0.0 0.0 161
3.000000 0.0 0.0 0.0 162
3.000000 0.0 0.0 0.0 163
3.000000 0.0 0.0 0.0 164
3.000000 0.0 0.0 0.0 165
3.000000 0.0 0.0 0.0 166
3.000000 0.0 0.0 0.0 167
3.000000 0.0 0.0 0.0 168
4.000000 0.0 0.0 0.0 169
4.000000 0.0 0.0 0.0 170
4.000000 0.0 0.0 0.0 171
4.000000 0.0 0.0 0.0 172
4.000000 0.0 0.0 0.0 173
4.000000 0.0 0.0 0.0 174
4.000000 0.0 0.0 0.0 175
4.000000 0.0 0.0 0.0 176
4.000000 0.0 0.0 0.0 177
4.000000 0.0 0.0 0.0 178
4.000000 0.0 0.0 0.0 179
4.000000 0.0 0.0 0.0 180
4.000000 0.0 0.0 0.0 181
4.000000 0.0 0.0 0.0 182
4.000000 0.0 0.0 0.0 183
4.000000 0.0 0.0 0.0 184
4.000000 0.0 0.0 0.0 185
4.000000 0.0 0.0 0.0 186
4.000000 0.0 0.0 0.0 187
4.000000 0.0 0.0 0.0 188
4.000000 0.0 0.0 0.0 189
4.000000 0.0 0.0 0.0 190
4.000000 0.0 0.0 0.0 191
4.000000 0.0 0.0 0.0 192
4.000000 0.0 0.0 0.0 193
4.000000 0.0 0.0 0.0 194
4.000000 0.0 0.0 0.0 195
4.000000 0.0 0.0 0.0 196
4.000000 0.0 0.0 0.0 197
4.000000 0.0 0.0 0.0 198
4.000000 0.0 0.0 0.0 199
4.000000 0.0 0.0 0.0 200
4.000000 0.0 0.0 0.0 201
4.000000 0.0 0.0 0.0 202
4.000000 0.0 0.0 0.0 203
4.000000 0.0 0.0 0.0 204
4.000000 0.0 0.0 0.0 205
4.000000 0.0 0.0 0.0 206
4.000000 0.0 0.0 0.0 207
4.000000 0.0 0.0 0.0 208
4.000000 0.0 0.0 0.0 209
4.000000 0.0 0.0 0.0 210
4.000000 0.0 0.0 0.0 211
4.000000 0.0 0.0 0.0 212
4.000000 0.0 0.0 0.0 213
4.000000 0.0 0.0 0.0 214
4.000000 0.0 0.0 0.0 215
4.000000 0.0 0.0 0.0 216
4.000000 0.0 0.0 0.0 217
4.000000 0.0 0.0 0.0 218
4.000000 0.0 0.0 0.0 219
4.000000 0.0 0.0 0.0 220
4.000000 0.0 0.0 0.0 221
4.000000 0.0 0.0 0.0 222
4.000000 0.0 0.0 0.0 223
4.000000 0.0 0.0 0.0 224
4.000000 0.0 0.0 0.0 225
4.000000 0.0 0.0 0.0 226
4.000000 0.0 0.0 0.0 227
4.000000 0.0 0.0 0.0 228
4.000000 0.0 0.0 0.0 229
4.000000 0.0 0.0 0.0 230
4.000000 0.0 0.0 0.0 231
4.000000 0.0 0.0 0.0 232
4.000000 0.0 0.0 0.0 233
4.000000 0.0 0.0 0.0 234
4.000000 0.0 0.0 0.0 235
5.000000 0.0 0.0 0.0 236
5.000000 0.0 0.0 0.0 237
5.000000 0.0 0.0 0.0 238
5.000000 0.0 0.0 0.0 239
5.000000 0.0 0.0 0.0 240
5.000000 0.0 0.0 0.0 241
5.000000 0.0 0.0 0.0 242
5.000000 0.0 0.0 0.0 243
5.000000 0.0 0.0 0.0 244
5.000000 0.0 0.0 0.0 245
5.000000 0.0 0.0 0.0 246
5.000000 0.0 0.0 0.0 247
5.000000 0.0 0.0 0.0 248
5.000000 0.0 0.0 0.0 249
5.000000 0.0 0.0 0.0 250
5.000000 0.0 0.0 0.0 251
5.000000 0.0 0.0 0.0 252
5.000000 0.0 0.0 0.0 253
5.000000 0.0 0.0 0.0 254
5.000000 0.0 0.0 0.0 255
5.000000 0.0 0.0 0.0 256
5.000000 0.0 0.0 0.0 257
5.000000 0.0 0.0 0.0 258
5.000000 0.0 0.0 0.0 259
5.000000 0.0 0.0 0.0 260
5.000000 0.0 0.0 0.0 261
5.000000 0.0 0.0 0.0 262
5.000000 0.0 0.0 0.0 263
5.000000 0.0 0.0 0.0 264
5.000000 0.0 0.0 0.0 265
5.000000 0.0 0.0 0.0 266
5.000000 0.0 0.0 0.0 267
5.000000 0.0 0.0 0.0 268
5.000000 0.0 0.0 0.0 269
6.000000 0.0 0.0 0.0 270
6.000000 0.0 0.0 0.0 271
6.000000 0.0 0.0 0.0 272
6.000000 0.0 0.0 0.0 273
6.000000 0.0 0.0 0.0 274
6.000000 0.0 0.0 0.0 275
6.000000 0.0 0.0 0.0 276
6.000000 0.0 0.0 0.0 277
6.000000 0.0 0.0 0.0 278
6.000000 0.0 0.0 0.0 279
6.000000 0.0 0.0 0.0 280
6.000000 0.0 0.0 0.0 281
6.000000 0.0 0.0 0.0 282
6.000000 0.0 0.0 0.0 283
6.000000 0.0 0.0 0.0 284
6.000000 0.0 0.0 0.0 285
6.000000 0.0 0.0 0.0 286
6.000000 0.0 0.0 0.0 287
6.000000 0.0 0.0 0.0 288
6.000000 0.0 0.0 0.0 289
6.000000 0.0 0.0 0.0 290
6.000000 0.0 0.0 0.0 291
6.000000 0.0 0.0 0.0 292
6.000000 0.0 0.0 0.0 293
6.000000 0.0 0.0 0.0 294
6.000000 0.0 0.0 0.0 295
6.000000 0.0 0.0 0.0 296
6.000000 0.0 0.0 0.0 297
6.000000 0.0 0.0 0.0 298
6.000000 0.0 0.0 0.0 299
6.000000 0.0 0.0 0.0 300
6.000000 0.0 0.0 0.0 301
6.000000 0.0 0.0 0.0 302
6.000000 0.0 0.0 0.0 303
6.000000 0.0 0.0 0.0 304
6.000000 0.0 0.0 0.0 305
6.000000 0.0 0.0 0.0 306
6.000000 0.0 0.0 0.0 307
6.000000 0.0 0.0 0.0 308
6.000000 0.0 0.0 0.0 309
6.000000 0.0 0.0 0.0 310
6.000000 0.0 0.0 0.0 311
6.000000 0.0 0.0 0.0 312
6.000000 0.0 0.0 0.0 313
6.000000 0.0 0.0 0.0 314
6.000000 0.0 0.0 0.0 315
6.000000 0.0 0.0 0.0 316
6.000000 0.0 0.0 0.0 317
6.000000 0.0 0.0 0.0 318
6.000000 0.0 0.0 0.0 319
6.000000 0.0 0.0 0.0 320
6.000000 0.0 0.0 0.0 321
6.000000 0.0 0.0 0.0 322
6.000000 0.0 0.0 0.0 323
6.000000 0.0 0.0 0.0 324
6.000000 0.0 0.0 0.0 325
6.000000 0.0 0.0 0.0 326
6.000000 0.0 0.0 0.0 327
6.000000 0.0 0.0 0.0 328
6.000000 0.0 0.0 0.0 329
6.000000 0.0 0.0 0.0 330
6.000000 0.0 0.0 0.0 331
6.000000 0.0 0.0 0.0 332
6.000000 0.0 0.0 0.0 333
6.000000 0.0 0.0 0.0 334
6.000000 0.0 0.0 0.0 335
6.000000 0.0 0.0 0.0 336
7.000000 0.0 0.0 0.0 337
7.000000 0.0 0.0 0.0 338
7.000000 0.0 0.0 0.0 339
7.000000 0.0 0.0 0.0 340
7.000000 0.0 0.0 0.0 341
7.000000 0.0 0.0 0.0 342
7.000000 0.0 0.0 0.0 343
7.000000 0.0 0.0 0.0 344
7.000000 0.0 0.0 0.0 345
7.000000 0.0 0.0 0.0 346
7.000000 0.0 0.0 0.0 347
7.000000 0.0 0.0 0.0 348
7.000000 0.0 0.0 0.0 349
7.000000 0.0 0.0 0.0 350
7.000000 0.0 0.0 0.0 351
7.000000 0.0 0.0 0.0 352
7.000000 0.0 0.0 0.0 353
7.000000 0.0 0.0 0.0 354
7.000000 0.0 0.0 0.0 355
7.000000 0.0 0.0 0.0 356
7.000000 0.0 0.0 0.0 357
7.000000 0.0 0.0 0.0 358
7.000000 0.0 0.0 0.0 359
7.000000 0.0 0.0 0.0 360
7.000000 0.0 0.0 0.0 361
7.000000 0.0 0.0 0.0 362
7.000000 0.0 0.0 0.0 363
7.000000 0.0 0.0 0.0 364
7.000000 0.0 0.0 0.0 365
7.000000 0.0 0.0 0.0 366
7.000000 0.0 0.0 0.0 367
7.000000 0.0 0.0 0.0 368
7.000000 0.0 0.0 0.0 369
7.000000 0.0 0.0 0.0 370
7.000000 0.0 0.0 0.0 371
7.000000 0.0 0.0 0.0 372
7.000000 0.0 0.0 0.0 373
7.000000 0.0 0.0 0.0 374
7.000000 0.0 0.0 0.0 375
7.000000 0.0 0.0 0.0 376
7.000000 0.0 0.0 0.0 377
7.000000 0.0 0.0 0.0 378
7.000000 0.0 0.0 0.0 379
7.000000 0.0 0.0 0.0 380
8.000000 0.0 0.0 0.0 381
8.000000 0.0 0.0 0.0 382
8.000000 0.0 0.0 0.0 383
8.000000 0.0 0.0 0.0 384
8.000000 0.0 0.0 0.0 385
8.000000 0.0 0.0 0.0 386
8.000000 0.0 0.0 0.0 387
8.000000 0.0 0.0 0.0 388
8.000000 0.0 0.0 0.0 389
8.000000 0.0 0.0 0.0 390
8.000000 0.0 0.0 0.0 391
8.000000 0.0 0.0 0.0 392
8.000000 0.0 0.0 0.0 393
8.000000 0.0 0.0 0.0 394
8.000000 0.0 0.0 0.0 395
8.000000 0.0 0.0 0.0 396
8.000000 0.0 0.0 0.0 397
8.000000 0.0 0.0 0.0 398
8.000000 0.0 0.0 0.0 399
8.000000 0.0 0.0 0.0 400
8.000000 0.0 0.0 0.0 401
8.000000 0.0 0.0 0.0 402
8.000000 0.0 0.0 0.0 403
8.000000 0.0 0.0 0.0 404
8.000000 0.0 0.0 0.0 405
8.000000 0.0 0.0 0.0 406
8.000000 0.0 0.0 0.0 407
8.000000 0.0 0.0 0.0 408
8.000000 0.0 0.0 0.0 409
8.000000 0.0 0.0 0.0 410
8.000000 0.0 0.0 0.0 411
8.000000 0.0 0.0 0.0 412
8.000000 0.0 0.0 0.0 413
8.000000 0.0 0.0 0.0 414
8.000000 0.0 0.0 0.0 415
8.000000 0.0 0.0 0.0 416
8.000000 0.0 0.0 0.0 417
8.000000 0.0 0.0 0.0 418
8.000000 0.0 0.0 0.0 419
8.000000 0.0 0.0 0.0 420
8.000000 0.0 0.0 0.0 421
8.000000 0.0 0.0 0.0 422
8.000000 0.0 0.0 0.0 423
8.000000 0.0 0.0 0.0 424
8.000000 0.0 0.0 0.0 425
8.000000 0.0 0.0 0.0 426
8.000000 0.0 0.0 0.0 427
8.000000 0.0 0.0 0.0 428
8.000000 0.0 0.0 0.0 429
2070.000000 0.000000 0.000000 0.000000 430
3070.000000 0.000000 0.000000 0.000000 431
4060.000000 0.000000 0.000000 0.000000 432
5060.000000 0.000000 0.000000 0.000000 433
6060.000000 0.000000 0.000000 0.000000 434
7065.000000 0.000000 0.000000 0.000000 435
8065.000000 0.000000 0.000000 0.000000 436
9067.000000 0.000000 0.000000 0.000000 437
10069.000000 0.000000 0.000000 0.000000 438
11070.000000 0.000000 0.000000 0.000000 439
12061.000000 0.000000 0.000000 0.000000 440
13073.000000 0.007857 0.015714 0.000000 441
14060.000000 0.015714 0.031429 0.000000 442
15071.000000 0.023571 0.047143 0.000000 443
16068.000000 0.023571 0.047143 0.000000 444
17070.000000 0.023571 0.047143 0.000000 445
18067.000000 0.031429 0.062857 0.000000 446
19065.000000 0.031429 0.062857 0.000000 447
20066.000000 0.031429 0.062857 0.000000 448
21064.000000 0.031429 0.062857 0.000000 449
22062.000000 0.031429 0.062857 0.000000 450
23061.000000 0.047143 0.094286 0.000000 451
24071.000000 0.055000 0.110000 0.000000 452
25072.000000 0.062857 0.125714 0.000000 453
26069.000000 0.070714 0.141429 0.000000 454
27067.000000 0.086429 0.172857 0.000000 455
28065.000000 0.086429 0.172857 0.000000 456
29064.000000 0.086429 0.172857 0.000000 457
30064.000000 0.086429 0.172857 0.000000 458
31063.000000 0.086429 0.172857 0.000000 459
32062.000000 0.094286 0.188571 0.000000 460
33073.000000 0.102143 0.204286 0.000000 461
34072.000000 0.110000 0.220000 0.000000 462
35070.000000 0.110000 0.220000 0.000000 463
36070.000000 0.110000 0.220000 0.000000 464
37068.000000 0.117857 0.235714 0.000000 465
38067.000000 0.125714 0.251429 0.000000 466
39065.000000 0.125714 0.251429 0.000000 467
40064.000000 0.125714 0.251429 0.000000 468
41063.000000 0.133571 0.267143 0.000000 469
42061.000000 0.149286 0.298571 0.000000 470
43062.000000 0.149286 0.298571 0.000000 471
44073.000000 0.149286 0.298571 0.000000 472
45110.000000 0.157143 0.314286 0.000000 473
46070.000000 0.172857 0.345714 0.000000 474
47068.000000 0.172857 0.345714 0.000000 475
48068.000000 0.172857 0.345714 0.000000 476
49066.000000 0.180714 0.361429 0.000000 477
50066.000000 0.180714 0.361429 0.000000 478
51063.000000 0.180714 0.361429 0.000000 479
52061.000000 0.196429 0.392857 0.000000 480
53060.000000 0.196429 0.392857 0.000000 481
54070.000000 0.196429 0.392857 0.000000 482
55071.000000 0.204286 0.408571 0.000000 483
56068.000000 0.204286 0.408571 0.000000 484
57066.000000 0.204286 0.408571 0.000000 485
58064.000000 0.212143 0.424286 0.000000 486
59061.000000 0.212143 0.424286 0.000000 487
60060.000000 0.227857 0.455714 0.000000 488
61059.000000 0.227857 0.455714 0.000000 489
62071.000000 0.227857 0.455714 0.000000 490
63069.000000 0.235714 0.471429 0.000000 491
64069.000000 0.235714 0.471429 0.000000 492
65068.000000 0.243571 0.487143 0.000000 493
66066.000000 0.243571 0.487143 0.000000 494
67064.000000 0.251429 0.502857 0.000000 495
68062.000000 0.251429 0.502857 0.000000 496
69061.000000 0.259286 0.518571 0.000000 497
70072.000000 0.267143 0.534286 0.000000 498
71070.000000 0.267143 0.534286 0.000000 499
72067.000000 0.267143 0.534286 0.000000 500
73065.000000 0.267143 0.534286 0.000000 501
74064.000000 0.290714 0.581429 0.000000 502
75062.000000 0.290714 0.581429 0.000000 503
76059.000000 0.298571 0.597143 0.000000 504
77071.000000 0.298571 0.597143 0.000000 505
78070.000000 0.306429 0.612857 0.000000 506
79070.000000 0.306429 0.612857 0.000000 507
80067.000000 0.306429 0.612857 0.000000 508
81066.000000 0.330000 0.660000 0.000000 509
82067.000000 0.330000 0.660000 0.000000 510
83064.000000 0.330000 0.660000 0.000000 511
84064.000000 0.330000 0.660000 0.000000 512
85063.000000 0.330000 0.660000 0.000000 513
86060.000000 0.330000 0.660000 0.000000 514
87072.000000 0.330000 0.660000 0.000000 515
88071.000000 0.345714 0.691429 0.000000 516
89070.000000 0.345714 0.691429 0.000000 517
90070.000000 0.361429 0.722857 0.000000 518
91069.000000 0.361429 0.722857 0.000000 519
92067.000000 0.361429 0.722857 0.000000 520
93066.000000 0.369286 0.738571 0.000000 521
94063.000000 0.369286 0.738571 0.000000 522
95063.000000 0.369286 0.738571 0.000000 523
96061.000000 0.385000 0.770000 0.000000 524
97060.000000 0.385000 0.770000 0.000000 525
98071.000000 0.385000 0.770000 0.015714 526
99069.000000 0.400714 0.801429 0.015714 527
100069.000000 0.400714 0.801429 0.015714 528
101067.000000 0.400714 0.801429 0.015714 529
102067.000000 0.416429 0.832857 0.015714 530
103066.000000 0.416429 0.832857 0.015714 531
104064.000000 0.416429 0.832857 0.015714 532
105064.000000 0.416429 0.832857 0.015714 533
106064.000000 0.424286 0.848571 0.015714 534
107098.000000 0.424286 0.848571 0.015714 535
108061.000000 0.424286 0.848571 0.015714 536
109060.000000 0.440000 0.848571 0.031429 537
110071.000000 0.510714 0.895714 0.031429 538
111069.000000 0.510714 0.895714 0.031429 539
112066.000000 0.510714 0.895714 0.031429 540
113064.000000 0.510714 0.895714 0.031429 541
114063.000000 0.542143 0.927143 0.031429 542
115064.000000 0.550000 0.927143 0.031429 543
116061.000000 0.550000 0.927143 0.047143 544
117060.000000 0.565714 0.927143 0.047143 545
118073.000000 0.565714 0.942857 0.047143 546
119071.000000 0.573571 0.942857 0.047143 547
120069.000000 0.589286 0.958571 0.047143 548
121069.000000 0.589286 0.974286 0.078571 549
122068.000000 0.628571 0.974286 0.078571 550
123068.000000 0.628571 0.974286 0.157143 551
124067.000000 0.628571 0.974286 0.282857 552
125064.000000 0.628571 0.990000 0.282857 553
126065.000000 0.628571 0.990000 0.282857 554
127063.000000 0.628571 1.005714 0.282857 555
128062.000000 0.636429 1.037143 0.282857 556
129061.000000 0.652143 1.037143 0.282857 557
130060.000000 0.652143 1.037143 0.282857 558
131072.000000 0.699286 1.052857 0.345714 559
132069.000000 0.699286 1.068571 0.345714 560
133068.000000 0.699286 1.068571 0.345714 561
134068.000000 0.699286 1.068571 0.345714 562
135066.000000 0.699286 1.068571 0.345714 563
136065.000000 0.699286 1.068571 0.345714 564
137063.000000 0.722857 1.084286 0.361429 565
138062.000000 0.746429 1.084286 0.408571 566
139060.000000 0.746429 1.084286 0.408571 567
140071.000000 0.746429 1.100000 0.408571 568
141068.000000 0.746429 1.100000 0.408571 569
142068.000000 0.746429 1.100000 0.408571 570
143066.000000 0.754286 1.115714 0.408571 571
144064.000000 0.785714 1.147143 0.424286 572
145063.000000 0.785714 1.147143 0.424286 573
146061.000000 0.785714 1.147143 0.440000 574
147070.000000 0.785714 1.147143 0.440000 575
148069.000000 0.840714 1.210000 0.471429 576
149068.000000 0.840714 1.210000 0.471429 577
150067.000000 0.840714 1.210000 0.471429 578
151092.000000 0.872143 1.241429 0.502857 579
152066.000000 0.872143 1.241429 0.502857 580
153064.000000 0.880000 1.241429 0.518571 581
154063.000000 0.887857 1.241429 0.534286 582
155062.000000 0.887857 1.241429 0.534286 583
156098.000000 0.887857 1.241429 0.534286 584
157073.000000 0.887857 1.241429 0.534286 585
158071.000000 0.887857 1.272857 0.534286 586
159069.000000 0.911429 1.288571 0.534286 587
160066.000000 0.927143 1.320000 0.534286 588
161065.000000 0.958571 1.320000 0.597143 589
162066.000000 0.958571 1.320000 0.597143 590
163065.000000 0.958571 1.320000 0.597143 591
164063.000000 0.958571 1.320000 0.597143 592
165061.000000 0.974286 1.335714 0.612857 593
166071.000000 0.974286 1.351429 0.612857 594
167069.000000 0.974286 1.351429 0.612857 595
168068.000000 0.982143 1.351429 0.644286 596
169066.000000 0.982143 1.351429 0.644286 597
170067.000000 0.982143 1.367143 0.644286 598
171064.000000 1.021429 1.398571 0.644286 599
172064.000000 1.021429 1.398571 0.644286 600
173062.000000 1.021429 1.398571 0.660000 601
174060.000000 1.021429 1.398571 0.660000 602
175071.000000 1.037143 1.430000 0.660000 603
176069.000000 1.060714 1.430000 0.691429 604
177070.000000 1.060714 1.430000 0.691429 605
178069.000000 1.060714 1.430000 0.707143 606
179065.000000 1.092143 1.461429 0.722857 607
180066.000000 1.092143 1.461429 0.722857 608
181064.000000 1.092143 1.461429 0.722857 609
182063.000000 1.092143 1.461429 0.722857 610
183064.000000 1.107857 1.492857 0.722857 611
184061.000000 1.115714 1.492857 0.754286 612
185061.000000 1.115714 1.492857 0.754286 613
186072.000000 1.147143 1.508571 0.785714 614
187069.000000 1.147143 1.508571 0.785714 615
188067.000000 1.147143 1.524286 0.785714 616
189066.000000 1.147143 1.540000 0.785714 617
190064.000000 1.147143 1.540000 0.785714 618
191064.000000 1.155000 1.555714 0.785714 619
192061.000000 1.155000 1.555714 0.785714 620
193059.000000 1.170714 1.555714 0.801429 621
194070.000000 1.233571 1.587143 0.880000 622
195070.000000 1.233571 1.587143 0.880000 623
196068.000000 1.233571 1.587143 0.880000 624
197066.000000 1.233571 1.587143 0.880000 625
198066.000000 1.233571 1.587143 0.880000 626
199064.000000 1.257143 1.634286 0.880000 627
200064.000000 1.257143 1.634286 0.880000 628
201064.000000 1.265000 1.634286 0.911429 629
202061.000000 1.280714 1.634286 0.927143 630
203060.000000 1.280714 1.634286 0.927143 631
204072.000000 1.280714 1.634286 0.942857 632
205068.000000 1.288571 1.650000 0.942857 633
206068.000000 1.304286 1.665714 0.942857 634
207067.000000 1.304286 1.665714 0.958571 635
208067.000000 1.327857 1.697143 0.958571 636
209064.000000 1.327857 1.697143 0.958571 637
210063.000000 1.327857 1.712857 0.958571 638
211064.000000 1.327857 1.712857 0.958571 639
212061.000000 1.327857 1.728571 0.958571 640
213060.000000 1.327857 1.728571 0.974286 641
214072.000000 1.351429 1.728571 0.990000 642
215069.000000 1.351429 1.728571 0.990000 643
216071.000000 1.390714 1.760000 1.021429 644
217070.000000 1.390714 1.760000 1.021429 645
218068.000000 1.390714 1.760000 1.021429 646
219066.000000 1.414286 1.775714 1.052857 647
220064.000000 1.414286 1.775714 1.052857 648
221064.000000 1.414286 1.791429 1.052857 649
222063.000000 1.414286 1.791429 1.052857 650
223061.000000 1.445714 1.822857 1.068571 651
224064.000000 1.445714 1.822857 1.068571 652
225061.000000 1.445714 1.822857 1.068571 653
226073.000000 1.445714 1.822857 1.068571 654
227070.000000 1.445714 1.822857 1.068571 655
228068.000000 1.485000 1.838571 1.131429 656
229070.000000 1.485000 1.854286 1.131429 657
230067.000000 1.485000 1.854286 1.131429 658
231066.000000 1.485000 1.870000 1.131429 659
232065.000000 1.492857 1.885714 1.131429 660
233063.000000 1.492857 1.885714 1.131429 661
234062.000000 1.532143 1.885714 1.178571 662
235062.000000 1.532143 1.885714 1.178571 663
236061.000000 1.532143 1.901429 1.178571 664
237060.000000 1.547857 1.917143 1.178571 665
238071.000000 1.555714 1.917143 1.194286 666
239068.000000 1.563571 1.917143 1.225714 667
240068.000000 1.563571 1.917143 1.225714 668
241066.000000 1.595000 1.964286 1.225714 669
242065.000000 1.595000 1.964286 1.241429 670
243065.000000 1.595000 1.964286 1.241429 671
244062.000000 1.595000 1.964286 1.241429 672
245061.000000 1.642143 1.995714 1.288571 673
246059.000000 1.642143 1.995714 1.288571 674
247060.000000 1.642143 1.995714 1.288571 675
248060.000000 1.642143 1.995714 1.288571 676
249070.000000 1.650000 2.042857 1.288571 677
250070.000000 1.650000 2.042857 1.288571 678
251068.000000 1.650000 2.042857 1.288571 679
252080.000000 1.657857 2.042857 1.288571 680
253067.000000 1.665714 2.042857 1.288571 681
254066.000000 1.665714 2.042857 1.288571 682
255066.000000 1.689286 2.074286 1.304286 683
256064.000000 1.689286 2.074286 1.304286 684
257061.000000 1.689286 2.074286 1.320000 685
258059.000000 1.712857 2.074286 1.351429 686
259071.000000 1.728571 2.105714 1.351429 687
260071.000000 1.728571 2.105714 1.351429 688
261069.000000 1.736429 2.121429 1.351429 689
262068.000000 1.752143 2.121429 1.398571 690
263066.000000 1.752143 2.121429 1.398571 691
264066.000000 1.760000 2.121429 1.414286 692
265064.000000 1.767857 2.137143 1.414286 693
266063.000000 1.767857 2.137143 1.414286 694
267063.000000 1.767857 2.152857 1.414286 695
268063.000000 1.799286 2.168571 1.430000 696
269060.000000 1.807143 2.168571 1.445714 697
270072.000000 1.807143 2.184286 1.445714 698
271072.000000 1.815000 2.184286 1.461429 699
272069.000000 1.815000 2.200000 1.461429 700
273070.000000 1.838571 2.200000 1.492857 701
274068.000000 1.838571 2.200000 1.492857 702
275067.000000 1.838571 2.200000 1.492857 703
276067.000000 1.846429 2.215714 1.492857 704
277064.000000 1.862143 2.215714 1.524286 705
278063.000000 1.862143 2.231429 1.524286 706
279061.000000 1.870000 2.231429 1.524286 707
280072.000000 1.885714 2.247143 1.524286 708
281070.000000 1.885714 2.247143 1.524286 709
282070.000000 1.909286 2.278571 1.540000 710
283066.000000 1.909286 2.278571 1.555714 711
284068.000000 1.909286 2.278571 1.555714 712
285066.000000 1.909286 2.278571 1.555714 713
286066.000000 1.940714 2.278571 1.602857 714
287065.000000 1.940714 2.310000 1.602857 715
288062.000000 1.964286 2.325714 1.602857 716
289064.000000 1.964286 2.325714 1.602857 717
290063.000000 1.972143 2.357143 1.602857 718
291061.000000 1.972143 2.357143 1.602857 719
292060.000000 2.003571 2.357143 1.665714 720
293071.000000 2.003571 2.357143 1.665714 721
294069.000000 2.003571 2.357143 1.665714 722
295068.000000 2.019286 2.357143 1.681429 723
296066.000000 2.035000 2.388571 1.681429 724
297064.000000 2.035000 2.388571 1.681429 725
298063.000000 2.035000 2.388571 1.681429 726
299062.000000 2.050714 2.388571 1.712857 727
300061.000000 2.050714 2.404286 1.712857 728
301072.000000 2.066429 2.420000 1.712857 729
302060.000000 2.074286 2.435714 1.712857 730
303070.000000 2.082143 2.435714 1.728571 731
304068.000000 2.082143 2.451429 1.728571 732
305066.000000 2.082143 2.451429 1.728571 733
306064.000000 2.082143 2.451429 1.728571 734
307066.000000 2.105714 2.451429 1.760000 735
308065.000000 2.121429 2.482857 1.760000 736
309063.000000 2.121429 2.482857 1.791429 737
310062.000000 2.145000 2.482857 1.807143 738
311059.000000 2.145000 2.482857 1.807143 739
312060.000000 2.160714 2.514286 1.807143 740
313070.000000 2.176429 2.530000 1.822857 741
314069.000000 2.176429 2.530000 1.838571 742
315068.000000 2.176429 2.530000 1.838571 743
316067.000000 2.200000 2.561429 1.838571 744
317066.000000 2.200000 2.561429 1.838571 745
318064.000000 2.207857 2.561429 1.870000 746
319062.000000 2.207857 2.561429 1.870000 747
320064.000000 2.207857 2.561429 1.870000 748
321063.000000 2.223571 2.577143 1.870000 749
322060.000000 2.231429 2.592857 1.870000 750
323059.000000 2.231429 2.592857 1.870000 751
324071.000000 2.231429 2.592857 1.885714 752
325072.000000 2.247143 2.592857 1.901429 753
326070.000000 2.255000 2.608571 1.901429 754
327069.000000 2.270714 2.640000 1.901429 755
328067.000000 2.286429 2.640000 1.932857 756
329065.000000 2.286429 2.640000 1.932857 757
330065.000000 2.286429 2.655714 1.932857 758
331062.000000 2.286429 2.655714 1.932857 759
332073.000000 2.302143 2.655714 1.964286 760
333061.000000 2.333571 2.702857 1.964286 761
334070.000000 2.333571 2.702857 1.964286 762
335070.000000 2.333571 2.702857 1.964286 763
336068.000000 2.333571 2.702857 1.980000 764
337065.000000 2.341429 2.702857 1.980000 765
338080.000000 2.357143 2.718571 1.995714 766
339065.000000 2.357143 2.718571 1.995714 767
340063.000000 2.365000 2.718571 2.042857 768
341064.000000 2.372857 2.734286 2.042857 769
342061.000000 2.380714 2.734286 2.042857 770
343062.000000 2.412143 2.797143 2.042857 771
344060.000000 2.412143 2.797143 2.042857 772
345072.000000 2.412143 2.797143 2.042857 773
346060.000000 2.435714 2.797143 2.090000 774
347071.000000 2.435714 2.797143 2.090000 775
348070.000000 2.435714 2.797143 2.090000 776
349067.000000 2.459286 2.812857 2.105714 777
350066.000000 2.459286 2.812857 2.105714 778
351065.000000 2.475000 2.828571 2.121429 779
352062.000000 2.475000 2.844286 2.121429 780
353061.000000 2.482857 2.844286 2.121429 781
354063.000000 2.482857 2.844286 2.121429 782
355072.000000 2.514286 2.860000 2.168571 783
356071.000000 2.514286 2.860000 2.168571 784
357069.000000 2.514286 2.875714 2.168571 785
358067.000000 2.514286 2.875714 2.168571 786
359066.000000 2.545714 2.922857 2.168571 787
360063.000000 2.553571 2.922857 2.215714 788
361064.000000 2.553571 2.922857 2.215714 789
362064.000000 2.553571 2.922857 2.215714 790
363062.000000 2.569286 2.922857 2.215714 791
364061.000000 2.569286 2.922857 2.215714 792
365073.000000 2.569286 2.938571 2.215714 793
366070.000000 2.577143 2.954286 2.215714 794
367069.000000 2.592857 2.954286 2.231429 795
368069.000000 2.608571 2.970000 2.247143 796
369069.000000 2.608571 2.970000 2.247143 797
370065.000000 2.624286 2.985714 2.262857 798
371065.000000 2.640000 3.001429 2.278571 799
372063.000000 2.640000 3.001429 2.278571 800
373061.000000 2.640000 3.001429 2.278571 801
374060.000000 2.647857 3.017143 2.278571 802
375071.000000 2.671429 3.017143 2.325714 803
376068.000000 2.671429 3.017143 2.325714 804
377066.000000 2.687143 3.048571 2.325714 805
378064.000000 2.702857 3.064286 2.341429 806
379063.000000 2.702857 3.064286 2.341429 807
380064.000000 2.702857 3.064286 2.341429 808
381061.000000 2.718571 3.095714 2.341429 809
382061.000000 2.734286 3.095714 2.372857 810
383071.000000 2.734286 3.095714 2.372857 811
384068.000000 2.742143 3.095714 2.388571 812
385067.000000 2.750000 3.095714 2.404286 813
386067.000000 2.757857 3.111429 2.404286 814
387067.000000 2.757857 3.111429 2.404286 815
388065.000000 2.781429 3.142857 2.420000 816
389063.000000 2.789286 3.174286 2.420000 817
390061.000000 2.789286 3.174286 2.420000 818
391075.000000 2.805000 3.174286 2.467143 819
392071.000000 2.812857 3.174286 2.467143 820
393069.000000 2.836429 3.205714 2.467143 821
394068.000000 2.844286 3.205714 2.498571 822
395066.000000 2.844286 3.205714 2.498571 823
396063.000000 2.844286 3.205714 2.498571 824
397099.000000 2.844286 3.205714 2.498571 825
398063.000000 2.852143 3.205714 2.498571 826
399060.000000 2.875714 3.237143 2.514286 827
400060.000000 2.883571 3.237143 2.545714 828
401072.000000 2.907143 3.268571 2.545714 829
402069.000000 2.907143 3.268571 2.577143 830
403067.000000 2.907143 3.268571 2.577143 831
404066.000000 2.907143 3.268571 2.577143 832
405065.000000 2.922857 3.268571 2.592857 833
406063.000000 2.938571 3.284286 2.592857 834
407061.000000 2.938571 3.315714 2.592857 835
408060.000000 2.954286 3.315714 2.608571 836
409071.000000 2.970000 3.347143 2.608571 837
410068.000000 2.977857 3.347143 2.624286 838
411067.000000 3.017143 3.378571 2.655714 839
412067.000000 3.017143 3.378571 2.655714 840
413065.000000 3.017143 3.378571 2.655714 841
414064.000000 3.017143 3.378571 2.671429 842
415063.000000 3.017143 3.378571 2.671429 843
416059.000000 3.040714 3.378571 2.702857 844
417070.000000 3.040714 3.378571 2.702857 845
418071.000000 3.048571 3.394286 2.702857 846
419069.000000 3.048571 3.394286 2.702857 847
420068.000000 3.048571 3.394286 2.718571 848
421070.000000 3.087857 3.457143 2.718571 849
422066.000000 3.087857 3.457143 2.750000 850
423064.000000 3.087857 3.457143 2.750000 851
424063.000000 3.111429 3.457143 2.765714 852
425061.000000 3.111429 3.472857 2.765714 853
426059.000000 3.127143 3.488571 2.765714 854
427070.000000 3.127143 3.488571 2.812857 855
428069.000000 3.142857 3.488571 2.812857 856
429069.000000 3.142857 3.488571 2.812857 857
430068.000000 3.158571 3.520000 2.812857 858
431067.000000 3.174286 3.520000 2.828571 859
432065.000000 3.174286 3.520000 2.844286 860
433064.000000 3.174286 3.520000 2.844286 861
434066.000000 3.205714 3.551429 2.860000 862
435063.000000 3.205714 3.551429 2.860000 863
436063.000000 3.221429 3.582857 2.860000 864
437062.000000 3.245000 3.582857 2.907143 865
438061.000000 3.245000 3.582857 2.907143 866
439071.000000 3.245000 3.582857 2.907143 867
440069.000000 3.252857 3.582857 2.922857 868
441093.000000 3.268571 3.614286 2.922857 869
442066.000000 3.284286 3.630000 2.938571 870
443066.000000 3.292143 3.630000 2.954286 871
444065.000000 3.300000 3.630000 2.970000 872
445063.000000 3.300000 3.630000 2.970000 873
446062.000000 3.315714 3.645714 2.985714 874
447061.000000 3.355000 3.692857 3.017143 875
448060.000000 3.355000 3.692857 3.017143 876
449072.000000 3.362857 3.724286 3.017143 877
450070.000000 3.362857 3.724286 3.048571 878
451069.000000 3.370714 3.724286 3.048571 879
452070.000000 3.370714 3.724286 3.048571 880
453068.000000 3.410000 3.740000 3.080000 881
454067.000000 3.441429 3.787143 3.095714 882
455063.000000 3.441429 3.787143 3.095714 883
456062.000000 3.441429 3.787143 3.095714 884
457061.000000 3.441429 3.787143 3.095714 885
458059.000000 3.441429 3.787143 3.127143 886
459071.000000 3.465000 3.802857 3.127143 887
460071.000000 3.465000 3.802857 3.127143 888
461068.000000 3.488571 3.818571 3.158571 889
462067.000000 3.496429 3.818571 3.174286 890
463065.000000 3.504286 3.818571 3.190000 891
464063.000000 3.504286 3.834286 3.190000 892
465064.000000 3.551429 3.881429 3.221429 893
466063.000000 3.551429 3.881429 3.252857 894
467062.000000 3.575000 3.912857 3.252857 895
468059.000000 3.575000 3.912857 3.268571 896
469071.000000 3.582857 3.912857 3.268571 897
470071.000000 3.606429 3.912857 3.300000 898
471070.000000 3.622143 3.944286 3.300000 899
472069.000000 3.622143 3.944286 3.315714 900
473068.000000 3.630000 3.944286 3.315714 901
474067.000000 3.653571 3.944286 3.362857 902
475064.000000 3.653571 3.991429 3.362857 903
476062.000000 3.653571 3.991429 3.362857 904
477060.000000 3.685000 4.007143 3.362857 905
478061.000000 3.685000 4.007143 3.394286 906
479072.000000 3.700714 4.007143 3.410000 907
480070.000000 3.716429 4.054286 3.410000 908
481068.000000 3.724286 4.054286 3.425714 909
482067.000000 3.724286 4.054286 3.441429 910
483067.000000 3.771429 4.085714 3.457143 911
484064.000000 3.771429 4.085714 3.457143 912
485064.000000 3.787143 4.085714 3.504286 913
486063.000000 3.802857 4.085714 3.535714 914
487061.000000 3.802857 4.085714 3.535714 915
488060.000000 3.834286 4.117143 3.551429 916
489069.000000 3.865714 4.164286 3.567143 917
490069.000000 3.865714 4.164286 3.567143 918
491069.000000 3.865714 4.180000 3.567143 919
492066.000000 3.889286 4.195714 3.582857 920
493066.000000 3.889286 4.195714 3.598571 921
494064.000000 3.889286 4.195714 3.598571 922
495062.000000 3.905000 4.195714 3.614286 923
496062.000000 3.912857 4.195714 3.645714 924
497061.000000 3.936429 4.211429 3.661429 925
498085.000000 3.983571 4.258571 3.708571 926
499072.000000 4.022857 4.305714 3.740000 927
500070.000000 4.022857 4.305714 3.740000 928
501068.000000 4.030714 4.321429 3.740000 929
502067.000000 4.038571 4.321429 3.755714 930
503066.000000 4.077857 4.368571 3.787143 931
504063.000000 4.077857 4.368571 3.802857 932
505063.000000 4.085714 4.368571 3.850000 933
506062.000000 4.109286 4.368571 3.865714 934
507061.000000 4.109286 4.368571 3.865714 935
508060.000000 4.148571 4.384286 3.912857 936
509061.000000 4.164286 4.447143 3.912857 937
510071.000000 4.195714 4.447143 3.944286 938
511070.000000 4.337143 4.588571 4.085714 939
512068.000000 4.337143 4.588571 4.085714 940
513065.000000 4.337143 4.588571 4.085714 941
514065.000000 4.337143 4.588571 4.085714 942
515063.000000 4.337143 4.588571 4.085714 943
516061.000000 4.337143 4.588571 4.085714 944
517061.000000 4.337143 4.588571 4.085714 945
518060.000000 4.352857 4.604286 4.101429 946
519061.000000 4.360714 4.604286 4.148571 947
520239.000000 4.376429 4.604286 4.164286 948
521070.000000 4.431429 4.667143 4.195714 949
522067.000000 4.462857 4.682857 4.242857 950
523065.000000 4.486429 4.698571 4.274286 951
524065.000000 4.517857 4.745714 4.290000 952
525062.000000 4.517857 4.745714 4.305714 953
526061.000000 4.517857 4.745714 4.305714 954
527060.000000 4.580714 4.761429 4.400000 955
528072.000000 4.627857 4.808571 4.447143 956
529069.000000 4.659286 4.855714 4.462857 957
530069.000000 4.698571 4.887143 4.510000 958
531067.000000 4.698571 4.887143 4.510000 959
532068.000000 4.761429 4.934286 4.588571 960
533066.000000 4.777143 4.934286 4.635714 961
534064.000000 4.777143 4.934286 4.635714 962
535062.000000 4.863571 4.997143 4.730000 963
536061.000000 4.918571 5.060000 4.777143 964
537062.000000 4.926429 5.060000 4.808571 965
538073.000000 4.997143 5.107143 4.887143 966
539072.000000 5.052143 5.185714 4.918571 967
540070.000000 5.099286 5.185714 5.012857 968
541069.000000 5.170000 5.264286 5.075714 969
542067.000000 5.170000 5.264286 5.075714 970
543065.000000 5.287857 5.311429 5.264286 971
544063.000000 5.366429 5.390000 5.342857 972
545064.000000 5.452857 5.452857 5.452857 973
546062.000000 5.531429 5.484286 5.578571 974
547059.000000 5.657143 5.610000 5.704286 975
548070.000000 5.759286 5.720000 5.798571 976
549069.000000 5.900714 5.861429 5.940000 977
550069.000000 6.034286 5.987143 6.081429 978
551066.000000 6.207143 6.160000 6.254286 979
552065.000000 6.293571 6.238571 6.348571 980
553064.000000 6.458571 6.395714 6.521429 981
554061.000000 6.552857 6.474286 6.631429 982
555061.000000 6.710000 6.631429 6.788571 983
556061.000000 6.961429 6.804286 7.118571 984
557076.000000 7.102857 6.961429 7.244286 985
558060.000000 7.181429 7.134286 7.244286 986
559070.000000 7.260000 7.291429 7.244286 987
560066.000000 7.448571 7.700000 7.244286 988
561069.000000 7.448571 7.700000 7.244286 989
562066.000000 7.448571 7.700000 7.244286 990
563064.000000 7.448571 7.700000 7.244286 991
564063.000000 7.448571 7.700000 7.244286 992
565061.000000 7.448571 7.700000 7.244286 993
566062.000000 7.448571 7.700000 7.244286 994
567059.000000 7.448571 7.700000 7.244286 995
568072.000000 7.448571 7.700000 7.244286 996
569069.000000 7.464286 7.700000 7.244286 997
570068.000000 7.464286 7.700000 7.244286 998
571067.000000 7.464286 7.700000 7.244286 999
572065.000000 7.480000 7.700000 7.260000 1000
573063.000000 7.480000 7.700000 7.275714 1001
574060.000000 7.480000 7.700000 7.275714 1002
575059.000000 7.480000 7.700000 7.275714 1003
576072.000000 7.480000 7.700000 7.275714 1004
577070.000000 7.480000 7.700000 7.275714 1005
578069.000000 7.480000 7.700000 7.275714 1006
579072.000000 7.480000 7.700000 7.275714 1007
580068.000000 7.480000 7.700000 7.275714 1008
581065.000000 7.480000 7.700000 7.275714 1009
582064.000000 7.480000 7.700000 7.275714 1010
583062.000000 7.480000 7.700000 7.275714 1011
584062.000000 7.480000 7.700000 7.275714 1012
585073.000000 7.480000 7.700000 7.275714 1013
586071.000000 7.480000 7.700000 7.275714 1014
587069.000000 7.480000 7.700000 7.275714 1015
588069.000000 7.480000 7.700000 7.275714 1016
589067.000000 7.480000 7.700000 7.275714 1017
590065.000000 7.480000 7.715714 7.275714 1018
591063.000000 7.480000 7.715714 7.275714 1019
592064.000000 7.480000 7.715714 7.275714 1020
593062.000000 7.480000 7.715714 7.275714 1021
594061.000000 7.480000 7.715714 7.275714 1022
595059.000000 7.480000 7.715714 7.275714 1023
596074.000000 7.480000 7.715714 7.275714 1024
