1002.000000 0.000000 0.000000 0.000000 0
2002.000000 0.000000 0.000000 0.000000 1
3002.000000 0.000000 0.000000 0.000000 2
4002.000000 0.000000 0.000000 0.000000 3
5002.000000 0.000000 0.000000 0.000000 4
6002.000000 0.000000 0.000000 0.000000 5
7002.000000 0.000000 0.000000 0.000000 6
8003.000000 0.000000 0.000000 0.000000 7
9002.000000 0.000000 0.000000 0.000000 8
10010.000000 0.000000 0.000000 0.000000 9
11010.000000 0.000000 0.000000 0.000000 10
12002.000000 0.000000 0.000000 0.000000 11
13002.000000 0.000000 0.000000 0.000000 12
14002.000000 0.000000 0.000000 0.000000 13
15002.000000 0.000000 0.000000 0.000000 14
16002.000000 0.000000 0.000000 0.000000 15
17002.000000 0.000000 0.000000 0.000000 16
18002.000000 0.000000 0.000000 0.000000 17
19003.000000 0.000000 0.000000 0.000000 18
20002.000000 0.000000 0.000000 0.000000 19
21010.000000 0.000000 0.000000 0.000000 20
22010.000000 0.000000 0.000000 0.000000 21
23002.000000 0.000000 0.000000 0.000000 22
24002.000000 0.000000 0.000000 0.000000 23
25002.000000 0.000000 0.000000 0.000000 24
26002.000000 0.000000 0.000000 0.000000 25
27002.000000 0.000000 0.000000 0.000000 26
28002.000000 0.000000 0.000000 0.000000 27
29003.000000 0.000000 0.000000 0.000000 28
30003.000000 0.000000 0.000000 0.000000 29
31003.000000 0.000000 0.000000 0.000000 30
32010.000000 0.000000 0.000000 0.000000 31
33010.000000 0.000000 0.000000 0.000000 32
34002.000000 0.000000 0.000000 0.000000 33
35002.000000 0.000000 0.000000 0.000000 34
36002.000000 0.000000 0.000000 0.000000 35
37002.000000 0.000000 0.000000 0.000000 36
38002.000000 0.000000 0.000000 0.000000 37
39002.000000 0.000000 0.000000 0.000000 38
40003.000000 0.000000 0.000000 0.000000 39
41003.000000 0.000000 0.000000 0.000000 40
42010.000000 0.000000 0.000000 0.000000 41
43010.000000 0.000000 0.000000 0.000000 42
44002.000000 0.000000 0.000000 0.000000 43
45002.000000 0.000000 0.000000 0.000000 44
46002.000000 0.000000 0.000000 0.000000 45
47002.000000 0.000000 0.000000 0.000000 46
48002.000000 0.000000 0.000000 0.000000 47
49002.000000 0.000000 0.000000 0.000000 48
50002.000000 0.000000 0.000000 0.000000 49
51003.000000 0.000000 0.000000 0.000000 50
52003.000000 0.000000 0.000000 0.000000 51
53010.000000 0.000000 0.000000 0.000000 52
54010.000000 0.000000 0.000000 0.000000 53
55002.000000 0.000000 0.000000 0.000000 54
56002.000000 0.000000 0.000000 0.000000 55
57002.000000 0.000000 0.000000 0.000000 56
58002.000000 0.000000 0.000000 0.000000 57
59002.000000 0.000000 0.000000 0.000000 58
60010.000000 0.000000 0.000000 0.000000 59
61003.000000 0.000000 0.000000 0.000000 60
62003.000000 0.000000 0.000000 0.000000 61
63010.000000 0.000000 0.000000 0.000000 62
64010.000000 0.000000 0.000000 0.000000 63
65027.000000 0.000000 0.000000 0.000000 64
66002.000000 0.000000 0.000000 0.000000 65
67002.000000 0.000000 0.000000 0.000000 66
68002.000000 0.000000 0.000000 0.000000 67
69002.000000 0.000000 0.000000 0.000000 68
70002.000000 0.000000 0.000000 0.000000 69
71002.000000 0.000000 0.000000 0.000000 70
72003.000000 0.000000 0.000000 0.000000 71
73003.000000 0.000000 0.000000 0.000000 72
74010.000000 0.000000 0.000000 0.000000 73
75010.000000 0.000000 0.000000 0.000000 74
76002.000000 0.000000 0.000000 0.000000 75
77002.000000 0.000000 0.000000 0.000000 76
78002.000000 0.000000 0.000000 0.000000 77
79002.000000 0.000000 0.000000 0.000000 78
80002.000000 0.000000 0.000000 0.000000 79
81002.000000 0.000000 0.000000 0.000000 80
82003.000000 0.000000 0.000000 0.000000 81
83003.000000 0.000000 0.000000 0.000000 82
84003.000000 0.000000 0.000000 0.000000 83
85010.000000 0.000000 0.000000 0.000000 84
86010.000000 0.000000 0.000000 0.000000 85
87002.000000 0.000000 0.000000 0.000000 86
88002.000000 0.000000 0.000000 0.000000 87
89002.000000 0.000000 0.000000 0.000000 88
90002.000000 0.000000 0.000000 0.000000 89
91002.000000 0.000000 0.000000 0.000000 90
92002.000000 0.000000 0.000000 0.000000 91
93010.000000 0.000000 0.000000 0.000000 92
94010.000000 0.000000 0.000000 0.000000 93
95003.000000 0.000000 0.000000 0.000000 94
96003.000000 0.000000 0.000000 0.000000 95
97010.000000 0.000000 0.000000 0.000000 96
98010.000000 0.000000 0.000000 0.000000 97
99002.000000 0.000000 0.000000 0.000000 98
100002.000000 0.000000 0.000000 0.000000 99
101043.000000 0.000000 0.000000 0.000000 100
102002.000000 0.000000 0.000000 0.000000 101
103002.000000 0.000000 0.000000 0.000000 102
104010.000000 0.000000 0.000000 0.000000 103
105010.000000 0.000000 0.000000 0.000000 104
106003.000000 0.000000 0.000000 0.000000 105
107003.000000 0.000000 0.000000 0.000000 106
108010.000000 0.000000 0.000000 0.000000 107
109010.000000 0.000000 0.000000 0.000000 108
110002.000000 0.000000 0.000000 0.000000 109
111002.000000 0.000000 0.000000 0.000000 110
112002.000000 0.000000 0.000000 0.000000 111
113002.000000 0.000000 0.000000 0.000000 112
114002.000000 0.000000 0.000000 0.000000 113
115002.000000 0.000000 0.000000 0.000000 114
116003.000000 0.000000 0.000000 0.000000 115
117003.000000 0.000000 0.000000 0.000000 116
118003.000000 0.000000 0.000000 0.000000 117
119003.000000 0.000000 0.000000 0.000000 118
120003.000000 0.000000 0.000000 0.000000 119
121010.000000 0.000000 0.000000 0.000000 120
122010.000000 0.000000 0.000000 0.000000 121
123002.000000 0.000000 0.000000 0.000000 122
124002.000000 0.000000 0.000000 0.000000 123
125002.000000 0.000000 0.000000 0.000000 124
126002.000000 0.000000 0.000000 0.000000 125
127002.000000 0.000000 0.000000 0.000000 126
128002.000000 0.000000 0.000000 0.000000 127
129003.000000 0.000000 0.000000 0.000000 128
130003.000000 0.000000 0.000000 0.000000 129
131010.000000 0.000000 0.000000 0.000000 130
132010.000000 0.000000 0.000000 0.000000 131
133002.000000 0.000000 0.000000 0.000000 132
134002.000000 0.000000 0.000000 0.000000 133
135002.000000 0.000000 0.000000 0.000000 134
136002.000000 0.000000 0.000000 0.000000 135
137002.000000 0.000000 0.000000 0.000000 136
138002.000000 0.000000 0.000000 0.000000 137
139002.000000 0.000000 0.000000 0.000000 138
140003.000000 0.000000 0.000000 0.000000 139
141003.000000 0.000000 0.000000 0.000000 140
142010.000000 0.000000 0.000000 0.000000 141
143010.000000 0.000000 0.000000 0.000000 142
144002.000000 0.000000 0.000000 0.000000 143
145002.000000 0.000000 0.000000 0.000000 144
146002.000000 0.000000 0.000000 0.000000 145
147002.000000 0.000000 0.000000 0.000000 146
148002.000000 0.000000 0.000000 0.000000 147
149002.000000 0.000000 0.000000 0.000000 148
150003.000000 0.000000 0.000000 0.000000 149
151003.000000 0.000000 0.000000 0.000000 150
152010.000000 0.000000 0.000000 0.000000 151
153010.000000 0.000000 0.000000 0.000000 152
154026.000000 0.000000 0.000000 0.000000 153
155002.000000 0.000000 0.000000 0.000000 154
156002.000000 0.000000 0.000000 0.000000 155
157002.000000 0.000000 0.000000 0.000000 156
158002.000000 0.000000 0.000000 0.000000 157
159002.000000 0.000000 0.000000 0.000000 158
160002.000000 0.000000 0.000000 0.000000 159
161002.000000 0.000000 0.000000 0.000000 160
162003.000000 0.000000 0.000000 0.000000 161
163010.000000 0.000000 0.000000 0.000000 162
164010.000000 0.000000 0.000000 0.000000 163
165002.000000 0.000000 0.000000 0.000000 164
166002.000000 0.000000 0.000000 0.000000 165
167002.000000 0.000000 0.000000 0.000000 166
168002.000000 0.000000 0.000000 0.000000 167
169002.000000 0.000000 0.000000 0.000000 168
170002.000000 0.000000 0.000000 0.000000 169
171002.000000 0.000000 0.000000 0.000000 170
172003.000000 0.000000 0.000000 0.000000 171
173003.000000 0.000000 0.000000 0.000000 172
174010.000000 0.000000 0.000000 0.000000 173
175010.000000 0.000000 0.000000 0.000000 174
176002.000000 0.000000 0.000000 0.000000 175
177002.000000 0.000000 0.000000 0.000000 176
178002.000000 0.000000 0.000000 0.000000 177
179002.000000 0.000000 0.000000 0.000000 178
180002.000000 0.000000 0.000000 0.000000 179
181002.000000 0.000000 0.000000 0.000000 180
182003.000000 0.000000 0.000000 0.000000 181
183003.000000 0.000000 0.000000 0.000000 182
184010.000000 0.000000 0.000000 0.000000 183
185010.000000 0.000000 0.000000 0.000000 184
186002.000000 0.000000 0.000000 0.000000 185
187002.000000 0.000000 0.000000 0.000000 186
188002.000000 0.000000 0.000000 0.000000 187
189002.000000 0.000000 0.000000 0.000000 188
190002.000000 0.000000 0.000000 0.000000 189
191002.000000 0.000000 0.000000 0.000000 190
192002.000000 0.000000 0.000000 0.000000 191
193003.000000 0.000000 0.000000 0.000000 192
194003.000000 0.000000 0.000000 0.000000 193
195010.000000 0.000000 0.000000 0.000000 194
196010.000000 0.000000 0.000000 0.000000 195
197002.000000 0.000000 0.000000 0.000000 196
198002.000000 0.000000 0.000000 0.000000 197
199002.000000 0.000000 0.000000 0.000000 198
200002.000000 0.000000 0.000000 0.000000 199
201002.000000 0.000000 0.000000 0.000000 200
202002.000000 0.000000 0.000000 0.000000 201
203002.000000 0.000000 0.000000 0.000000 202
204002.000000 0.000000 0.000000 0.000000 203
205010.000000 0.000000 0.000000 0.000000 204
206010.000000 0.000000 0.000000 0.000000 205
207042.000000 0.000000 0.000000 0.000000 206
208002.000000 0.000000 0.000000 0.000000 207
209002.000000 0.000000 0.000000 0.000000 208
210002.000000 0.000000 0.000000 0.000000 209
211002.000000 0.000000 0.000000 0.000000 210
212002.000000 0.000000 0.000000 0.000000 211
213002.000000 0.000000 0.000000 0.000000 212
214002.000000 0.000000 0.000000 0.000000 213
215002.000000 0.000000 0.000000 0.000000 214
216002.000000 0.000000 0.000000 0.000000 215
217002.000000 0.000000 0.000000 0.000000 216
218010.000000 0.000000 0.000000 0.000000 217
219010.000000 0.000000 0.000000 0.000000 218
220002.000000 0.000000 0.000000 0.000000 219
221002.000000 0.000000 0.000000 0.000000 220
222002.000000 0.000000 0.000000 0.000000 221
223002.000000 0.000000 0.000000 0.000000 222
224002.000000 0.000000 0.000000 0.000000 223
225003.000000 0.000000 0.000000 0.000000 224
226002.000000 0.000000 0.000000 0.000000 225
227002.000000 0.000000 0.000000 0.000000 226
228002.000000 0.000000 0.000000 0.000000 227
229002.000000 0.000000 0.000000 0.000000 228
230002.000000 0.000000 0.000000 0.000000 229
231002.000000 0.000000 0.000000 0.000000 230
232002.000000 0.000000 0.000000 0.000000 231
233010.000000 0.000000 0.000000 0.000000 232
234010.000000 0.000000 0.000000 0.000000 233
235002.000000 0.000000 0.000000 0.000000 234
236002.000000 0.000000 0.000000 0.000000 235
237002.000000 0.000000 0.000000 0.000000 236
238002.000000 0.000000 0.000000 0.000000 237
239002.000000 0.000000 0.000000 0.000000 238
240002.000000 0.000000 0.000000 0.000000 239
241002.000000 0.000000 0.000000 0.000000 240
242003.000000 0.000000 0.000000 0.000000 241
243010.000000 0.000000 0.000000 0.000000 242
244010.000000 0.000000 0.000000 0.000000 243
245010.000000 0.000000 0.000000 0.000000 244
246002.000000 0.000000 0.000000 0.000000 245
247002.000000 0.000000 0.000000 0.000000 246
248002.000000 0.000000 0.000000 0.000000 247
249002.000000 0.000000 0.000000 0.000000 248
250002.000000 0.000000 0.000000 0.000000 249
251002.000000 0.000000 0.000000 0.000000 250
252002.000000 0.000000 0.000000 0.000000 251
253002.000000 0.000000 0.000000 0.000000 252
254010.000000 0.000000 0.000000 0.000000 253
255010.000000 0.000000 0.000000 0.000000 254
256002.000000 0.000000 0.000000 0.000000 255
257002.000000 0.000000 0.000000 0.000000 256
258002.000000 0.000000 0.000000 0.000000 257
259002.000000 0.000000 0.000000 0.000000 258
260002.000000 0.000000 0.000000 0.000000 259
261002.000000 0.000000 0.000000 0.000000 260
262002.000000 0.000000 0.000000 0.000000 261
263002.000000 0.000000 0.000000 0.000000 262
264002.000000 0.000000 0.000000 0.000000 263
265002.000000 0.000000 0.000000 0.000000 264
266002.000000 0.000000 0.000000 0.000000 265
267002.000000 0.000000 0.000000 0.000000 266
268002.000000 0.000000 0.000000 0.000000 267
269010.000000 0.000000 0.000000 0.000000 268
270010.000000 0.000000 0.000000 0.000000 269
271002.000000 0.000000 0.000000 0.000000 270
272002.000000 0.000000 0.000000 0.000000 271
273002.000000 0.000000 0.000000 0.000000 272
274002.000000 0.000000 0.000000 0.000000 273
275002.000000 0.000000 0.000000 0.000000 274
276002.000000 0.000000 0.000000 0.000000 275
277002.000000 0.000000 0.000000 0.000000 276
278002.000000 0.000000 0.000000 0.000000 277
279010.000000 0.000000 0.000000 0.000000 278
280010.000000 0.000000 0.000000 0.000000 279
281010.000000 0.000000 0.000000 0.000000 280
282002.000000 0.000000 0.000000 0.000000 281
283003.000000 0.000000 0.000000 0.000000 282
284003.000000 0.000000 0.000000 0.000000 283
285002.000000 0.000000 0.000000 0.000000 284
286002.000000 0.000000 0.000000 0.000000 285
287002.000000 0.000000 0.000000 0.000000 286
288002.000000 0.000000 0.000000 0.000000 287
289002.000000 0.000000 0.000000 0.000000 288
290002.000000 0.000000 0.000000 0.000000 289
291002.000000 0.000000 0.000000 0.000000 290
292010.000000 0.000000 0.000000 0.000000 291
293010.000000 0.000000 0.000000 0.000000 292
294003.000000 0.000000 0.000000 0.000000 293
295002.000000 0.000000 0.000000 0.000000 294
296002.000000 0.000000 0.000000 0.000000 295
297002.000000 0.000000 0.000000 0.000000 296
298018.000000 0.000000 0.000000 0.000000 297
299002.000000 0.000000 0.000000 0.000000 298
300002.000000 0.000000 0.000000 0.000000 299
301002.000000 0.000000 0.000000 0.000000 300
302002.000000 0.000000 0.000000 0.000000 301
303010.000000 0.000000 0.000000 0.000000 302
304010.000000 0.000000 0.000000 0.000000 303
305002.000000 0.000000 0.000000 0.000000 304
306002.000000 0.000000 0.000000 0.000000 305
307002.000000 0.000000 0.000000 0.000000 306
308002.000000 0.000000 0.000000 0.000000 307
309002.000000 0.000000 0.000000 0.000000 308
310002.000000 0.000000 0.000000 0.000000 309
311002.000000 0.000000 0.000000 0.000000 310
312002.000000 0.000000 0.000000 0.000000 311
313010.000000 0.000000 0.000000 0.000000 312
314010.000000 0.000000 0.000000 0.000000 313
315003.000000 0.000000 0.000000 0.000000 314
316002.000000 0.000000 0.000000 0.000000 315
317003.000000 0.000000 0.000000 0.000000 316
318002.000000 0.000000 0.000000 0.000000 317
319002.000000 0.000000 0.000000 0.000000 318
320002.000000 0.000000 0.000000 0.000000 319
321002.000000 0.000000 0.000000 0.000000 320
322002.000000 0.000000 0.000000 0.000000 321
323002.000000 0.000000 0.000000 0.000000 322
324010.000000 0.000000 0.000000 0.000000 323
325010.000000 0.000000 0.000000 0.000000 324
326003.000000 0.000000 0.000000 0.000000 325
327002.000000 0.000000 0.000000 0.000000 326
328002.000000 0.000000 0.000000 0.000000 327
329002.000000 0.000000 0.000000 0.000000 328
330002.000000 0.000000 0.000000 0.000000 329
331002.000000 0.000000 0.000000 0.000000 330
332002.000000 0.000000 0.000000 0.000000 331
333002.000000 0.000000 0.000000 0.000000 332
334002.000000 0.000000 0.000000 0.000000 333
335002.000000 0.000000 0.000000 0.000000 334
336002.000000 0.000000 0.000000 0.000000 335
337010.000000 0.000000 0.000000 0.000000 336
338010.000000 0.000000 0.000000 0.000000 337
339003.000000 0.000000 0.000000 0.000000 338
340003.000000 0.000000 0.000000 0.000000 339
341002.000000 0.000000 0.000000 0.000000 340
342002.000000 0.000000 0.000000 0.000000 341
343002.000000 0.000000 0.000000 0.000000 342
344002.000000 0.000000 0.000000 0.000000 343
345002.000000 0.000000 0.000000 0.000000 344
346002.000000 0.000000 0.000000 0.000000 345
347010.000000 0.000000 0.000000 0.000000 346
348010.000000 0.000000 0.000000 0.000000 347
349011.000000 0.000000 0.000000 0.000000 348
350010.000000 0.000000 0.000000 0.000000 349
351010.000000 0.000000 0.000000 0.000000 350
352011.000000 0.000000 0.000000 0.000000 351
353042.000000 0.000000 0.000000 0.000000 352
354003.000000 0.000000 0.000000 0.000000 353
355003.000000 0.000000 0.000000 0.000000 354
356002.000000 0.000000 0.000000 0.000000 355
357002.000000 0.000000 0.000000 0.000000 356
358002.000000 0.000000 0.000000 0.000000 357
359002.000000 0.000000 0.000000 0.000000 358
360002.000000 0.000000 0.000000 0.000000 359
361002.000000 0.000000 0.000000 0.000000 360
362010.000000 0.000000 0.000000 0.000000 361
363010.000000 0.000000 0.000000 0.000000 362
364003.000000 0.000000 0.000000 0.000000 363
365002.000000 0.000000 0.000000 0.000000 364
366003.000000 0.000000 0.000000 0.000000 365
367003.000000 0.000000 0.000000 0.000000 366
368010.000000 0.000000 0.000000 0.000000 367
369010.000000 0.000000 0.000000 0.000000 368
370002.000000 0.000000 0.000000 0.000000 369
371002.000000 0.000000 0.000000 0.000000 370
372002.000000 0.000000 0.000000 0.000000 371
373002.000000 0.000000 0.000000 0.000000 372
374002.000000 0.000863 0.000000 0.001727 373
375010.000000 0.000863 0.000000 0.001727 374
376010.000000 0.000863 0.000000 0.001727 375
377010.000000 0.000863 0.000000 0.001727 376
378010.000000 0.001727 0.000000 0.003453 377
379002.000000 0.001727 0.000000 0.003453 378
380002.000000 0.001727 0.000000 0.003453 379
381002.000000 0.001727 0.000000 0.003453 380
382002.000000 0.001727 0.000000 0.003453 381
383002.000000 0.001727 0.000000 0.003453 382
384002.000000 0.001727 0.000000 0.003453 383
385003.000000 0.001727 0.000000 0.003453 384
386003.000000 0.001727 0.000000 0.003453 385
387010.000000 0.001727 0.000000 0.003453 386
388010.000000 0.002590 0.000000 0.005180 387
389027.000000 0.004317 0.000000 0.008633 388
390002.000000 0.005180 0.000000 0.010360 389
391002.000000 0.006907 0.000000 0.013813 390
392002.000000 0.009497 0.000000 0.018993 391
393002.000000 0.009497 0.000000 0.018993 392
394002.000000 0.009497 0.000000 0.018993 393
395002.000000 0.009497 0.000000 0.018993 394
396010.000000 0.009497 0.000000 0.018993 395
397010.000000 0.012950 0.000000 0.025900 396
398002.000000 0.012950 0.000000 0.025900 397
399002.000000 0.012950 0.000000 0.025900 398
400002.000000 0.012950 0.000000 0.025900 399
401002.000000 0.012950 0.000000 0.025900 400
402002.000000 0.012950 0.000000 0.025900 401
403002.000000 0.014677 0.000000 0.029353 402
404002.000000 0.016403 0.000000 0.032806 403
405002.000000 0.017267 0.000000 0.034533 404
406002.000000 0.017267 0.000000 0.034533 405
407002.000000 0.018130 0.000000 0.036260 406
408003.000000 0.018130 0.000000 0.036260 407
409003.000000 0.018130 0.000000 0.036260 408
410003.000000 0.020720 0.000000 0.041440 409
411010.000000 0.020720 0.000000 0.041440 410
412010.000000 0.020720 0.000000 0.041440 411
413002.000000 0.020720 0.000000 0.041440 412
414002.000000 0.022446 0.000000 0.044893 413
415002.000000 0.022446 0.000000 0.044893 414
416003.000000 0.022446 0.000000 0.044893 415
417010.000000 0.022446 0.000000 0.044893 416
418010.000000 0.022446 0.000000 0.044893 417
419002.000000 0.024173 0.000000 0.048346 418
420002.000000 0.024173 0.000000 0.048346 419
421002.000000 0.025900 0.000000 0.051800 420
422002.000000 0.025900 0.000000 0.051800 421
423002.000000 0.026763 0.000000 0.053526 422
424002.000000 0.026763 0.000000 0.053526 423
425002.000000 0.026763 0.000000 0.053526 424
426002.000000 0.027626 0.000000 0.055253 425
427002.000000 0.032806 0.012087 0.055253 426
428002.000000 0.032806 0.012087 0.055253 427
429002.000000 0.032806 0.012087 0.056980 428
430002.000000 0.032806 0.012087 0.062159 429
431002.000000 0.032806 0.012087 0.062159 430
432002.000000 0.032806 0.012087 0.062159 431
433002.000000 0.032806 0.012087 0.063886 432
434002.000000 0.032806 0.012087 0.063886 433
435002.000000 0.038850 0.012087 0.065613 434
436002.000000 0.038850 0.012087 0.065613 435
437002.000000 0.038850 0.012087 0.065613 436
438002.000000 0.038850 0.012087 0.065613 437
439002.000000 0.038850 0.012087 0.065613 438
440010.000000 0.038850 0.012087 0.065613 439
441010.000000 0.038850 0.012087 0.069066 440
442002.000000 0.038850 0.012087 0.069066 441
443002.000000 0.038850 0.012087 0.072519 442
444002.000000 0.038850 0.012087 0.072519 443
445002.000000 0.046620 0.022446 0.072519 444
446002.000000 0.054390 0.031080 0.077699 445
447010.000000 0.055253 0.034533 0.077699 446
448010.000000 0.056116 0.037986 0.077699 447
449002.000000 0.056116 0.039713 0.077699 448
450002.000000 0.056116 0.039713 0.077699 449
451002.000000 0.056116 0.039713 0.081153 450
452002.000000 0.058706 0.039713 0.082879 451
453002.000000 0.058706 0.039713 0.082879 452
454002.000000 0.058706 0.039713 0.082879 453
455002.000000 0.059569 0.039713 0.082879 454
456002.000000 0.059569 0.039713 0.082879 455
457002.000000 0.072519 0.056980 0.088059 456
458002.000000 0.072519 0.056980 0.088059 457
459002.000000 0.072519 0.056980 0.088059 458
460003.000000 0.072519 0.056980 0.089786 459
461002.000000 0.072519 0.056980 0.091513 460
462002.000000 0.072519 0.056980 0.091513 461
463002.000000 0.072519 0.056980 0.091513 462
464002.000000 0.072519 0.056980 0.091513 463
465002.000000 0.072519 0.056980 0.091513 464
466003.000000 0.072519 0.056980 0.091513 465
467002.000000 0.072519 0.056980 0.091513 466
468010.000000 0.072519 0.056980 0.091513 467
469010.000000 0.075109 0.056980 0.093239 468
470010.000000 0.075109 0.056980 0.093239 469
471010.000000 0.075109 0.056980 0.096692 470
472002.000000 0.075109 0.056980 0.096692 471
473002.000000 0.079426 0.062159 0.096692 472
474002.000000 0.079426 0.062159 0.096692 473
475002.000000 0.079426 0.062159 0.100146 474
476002.000000 0.079426 0.062159 0.103599 475
477002.000000 0.079426 0.062159 0.103599 476
478002.000000 0.082016 0.062159 0.103599 477
479002.000000 0.086333 0.067339 0.105326 478
480002.000000 0.086333 0.067339 0.108779 479
481002.000000 0.086333 0.067339 0.108779 480
482010.000000 0.086333 0.067339 0.108779 481
483010.000000 0.086333 0.067339 0.108779 482
484010.000000 0.086333 0.067339 0.108779 483
485002.000000 0.089786 0.069066 0.110506 484
486002.000000 0.089786 0.069066 0.110506 485
487002.000000 0.089786 0.069066 0.113959 486
488002.000000 0.090649 0.069066 0.113959 487
489002.000000 0.090649 0.069066 0.113959 488
490002.000000 0.091513 0.069066 0.115686 489
491002.000000 0.093239 0.069066 0.117412 490
492002.000000 0.101009 0.086333 0.117412 491
493002.000000 0.101009 0.086333 0.117412 492
494002.000000 0.101009 0.086333 0.119139 493
495002.000000 0.101009 0.086333 0.119139 494
496002.000000 0.102736 0.086333 0.122592 495
497003.000000 0.102736 0.086333 0.122592 496
498003.000000 0.102736 0.086333 0.122592 497
499010.000000 0.102736 0.086333 0.122592 498
500010.000000 0.102736 0.086333 0.122592 499
501002.000000 0.102736 0.086333 0.122592 500
502002.000000 0.102736 0.086333 0.126046 501
503002.000000 0.102736 0.086333 0.127772 502
504002.000000 0.105326 0.088059 0.127772 503
505002.000000 0.114822 0.100146 0.129499 504
506002.000000 0.116549 0.100146 0.132952 505
507002.000000 0.116549 0.100146 0.132952 506
508010.000000 0.116549 0.100146 0.132952 507
509010.000000 0.120002 0.108779 0.132952 508
510002.000000 0.120002 0.108779 0.132952 509
511002.000000 0.120002 0.108779 0.134679 510
512002.000000 0.120002 0.108779 0.134679 511
513002.000000 0.120002 0.108779 0.134679 512
514002.000000 0.120002 0.108779 0.134679 513
515002.000000 0.120866 0.108779 0.141585 514
516003.000000 0.120866 0.108779 0.141585 515
517003.000000 0.126046 0.110506 0.141585 516
518003.000000 0.126909 0.112232 0.141585 517
519003.000000 0.126909 0.112232 0.141585 518
520002.000000 0.127772 0.112232 0.143312 519
521002.000000 0.127772 0.112232 0.143312 520
522002.000000 0.127772 0.112232 0.143312 521
523002.000000 0.127772 0.112232 0.146765 522
524002.000000 0.127772 0.112232 0.146765 523
525002.000000 0.132089 0.117412 0.146765 524
526002.000000 0.132089 0.117412 0.146765 525
527010.000000 0.132089 0.117412 0.148492 526
528010.000000 0.132089 0.117412 0.148492 527
529002.000000 0.132089 0.117412 0.151945 528
530002.000000 0.132089 0.117412 0.151945 529
531002.000000 0.143312 0.132952 0.153672 530
532002.000000 0.143312 0.132952 0.153672 531
533002.000000 0.143312 0.132952 0.153672 532
534002.000000 0.143312 0.132952 0.153672 533
535002.000000 0.143312 0.132952 0.153672 534
536002.000000 0.143312 0.132952 0.157125 535
537010.000000 0.143312 0.132952 0.157125 536
538003.000000 0.143312 0.132952 0.158852 537
539003.000000 0.143312 0.132952 0.158852 538
540010.000000 0.143312 0.132952 0.158852 539
541010.000000 0.143312 0.132952 0.158852 540
542002.000000 0.143312 0.132952 0.158852 541
543002.000000 0.146765 0.132952 0.164032 542
544002.000000 0.146765 0.132952 0.164032 543
545002.000000 0.146765 0.132952 0.165759 544
546002.000000 0.150219 0.132952 0.167485 545
547002.000000 0.155399 0.141585 0.169212 546
548010.000000 0.155399 0.141585 0.169212 547
549010.000000 0.155399 0.141585 0.169212 548
550002.000000 0.157989 0.145039 0.170939 549
551002.000000 0.157989 0.145039 0.170939 550
552002.000000 0.157989 0.145039 0.170939 551
553002.000000 0.157989 0.145039 0.170939 552
554010.000000 0.157989 0.145039 0.172665 553
555010.000000 0.158852 0.145039 0.172665 554
556010.000000 0.158852 0.145039 0.174392 555
557010.000000 0.158852 0.145039 0.174392 556
558010.000000 0.158852 0.146765 0.174392 557
559010.000000 0.158852 0.146765 0.174392 558
560010.000000 0.160579 0.146765 0.179572 559
561010.000000 0.160579 0.146765 0.179572 560
562010.000000 0.160579 0.146765 0.179572 561
563002.000000 0.167485 0.155399 0.179572 562
564002.000000 0.167485 0.155399 0.179572 563
565002.000000 0.167485 0.155399 0.183025 564
566002.000000 0.167485 0.155399 0.183025 565
567002.000000 0.167485 0.155399 0.183025 566
568002.000000 0.168349 0.155399 0.183025 567
569002.000000 0.168349 0.155399 0.183025 568
570002.000000 0.168349 0.155399 0.183025 569
571002.000000 0.179572 0.169212 0.189932 570
572002.000000 0.179572 0.169212 0.189932 571
573003.000000 0.179572 0.169212 0.191658 572
574003.000000 0.179572 0.169212 0.191658 573
575010.000000 0.179572 0.169212 0.191658 574
576010.000000 0.179572 0.169212 0.191658 575
577010.000000 0.179572 0.169212 0.195112 576
578002.000000 0.179572 0.169212 0.195112 577
579002.000000 0.179572 0.169212 0.196838 578
580002.000000 0.179572 0.169212 0.196838 579
581002.000000 0.179572 0.169212 0.196838 580
582002.000000 0.180435 0.169212 0.196838 581
583002.000000 0.183025 0.169212 0.198565 582
584010.000000 0.183025 0.169212 0.198565 583
585010.000000 0.183025 0.169212 0.198565 584
586002.000000 0.183025 0.169212 0.198565 585
587002.000000 0.189068 0.176118 0.202018 586
588002.000000 0.189068 0.176118 0.202018 587
589002.000000 0.189068 0.176118 0.203745 588
590002.000000 0.191658 0.177845 0.205472 589
591002.000000 0.192522 0.177845 0.207198 590
592002.000000 0.195975 0.189932 0.207198 591
593010.000000 0.195975 0.189932 0.207198 592
594010.000000 0.195975 0.189932 0.207198 593
595010.000000 0.195975 0.189932 0.207198 594
596010.000000 0.197702 0.189932 0.212378 595
597002.000000 0.197702 0.189932 0.212378 596
598003.000000 0.197702 0.189932 0.212378 597
599002.000000 0.197702 0.189932 0.212378 598
600002.000000 0.205472 0.196838 0.214105 599
601002.000000 0.205472 0.196838 0.214105 600
602002.000000 0.205472 0.196838 0.214105 601
603002.000000 0.205472 0.196838 0.214105 602
604003.000000 0.205472 0.196838 0.215831 603
605010.000000 0.205472 0.196838 0.217558 604
606010.000000 0.205472 0.196838 0.217558 605
607010.000000 0.205472 0.196838 0.219285 606
608010.000000 0.205472 0.196838 0.219285 607
609002.000000 0.205472 0.196838 0.219285 608
610002.000000 0.205472 0.196838 0.219285 609
611002.000000 0.205472 0.196838 0.221011 610
612002.000000 0.206335 0.196838 0.222738 611
613002.000000 0.206335 0.196838 0.222738 612
614002.000000 0.212378 0.198565 0.226191 613
615002.000000 0.213241 0.202018 0.226191 614
616002.000000 0.214968 0.205472 0.226191 615
617002.000000 0.214968 0.205472 0.227918 616
618002.000000 0.214968 0.208925 0.227918 617
619002.000000 0.215831 0.208925 0.231371 618
620010.000000 0.215831 0.208925 0.231371 619
621010.000000 0.215831 0.208925 0.231371 620
622010.000000 0.216695 0.208925 0.233098 621
623002.000000 0.216695 0.208925 0.233098 622
624002.000000 0.223601 0.212378 0.234825 623
625002.000000 0.223601 0.212378 0.234825 624
626002.000000 0.223601 0.212378 0.234825 625
627002.000000 0.223601 0.212378 0.236551 626
628002.000000 0.223601 0.212378 0.236551 627
629002.000000 0.223601 0.212378 0.236551 628
630002.000000 0.223601 0.212378 0.236551 629
631002.000000 0.227055 0.221011 0.236551 630
632002.000000 0.227055 0.221011 0.240005 631
633002.000000 0.227055 0.221011 0.240005 632
634002.000000 0.227055 0.221011 0.240005 633
635003.000000 0.232235 0.222738 0.241731 634
636002.000000 0.232235 0.222738 0.241731 635
637010.000000 0.232235 0.222738 0.241731 636
638010.000000 0.236551 0.224465 0.248638 637
639010.000000 0.236551 0.224465 0.248638 638
640010.000000 0.236551 0.224465 0.248638 639
641002.000000 0.237415 0.224465 0.250364 640
642002.000000 0.237415 0.224465 0.250364 641
643002.000000 0.237415 0.224465 0.252091 642
644002.000000 0.237415 0.226191 0.252091 643
645010.000000 0.237415 0.227918 0.252091 644
646010.000000 0.237415 0.227918 0.253818 645
647010.000000 0.237415 0.227918 0.253818 646
648010.000000 0.239141 0.227918 0.253818 647
649002.000000 0.243458 0.229645 0.257271 648
650002.000000 0.243458 0.231371 0.257271 649
651002.000000 0.248638 0.238278 0.258998 650
652002.000000 0.248638 0.238278 0.258998 651
653002.000000 0.248638 0.238278 0.258998 652
654002.000000 0.248638 0.238278 0.258998 653
655002.000000 0.250364 0.240005 0.260724 654
656003.000000 0.250364 0.240005 0.264178 655
657003.000000 0.250364 0.240005 0.264178 656
658010.000000 0.252954 0.246911 0.264178 657
659010.000000 0.252954 0.246911 0.265904 658
660002.000000 0.252954 0.246911 0.265904 659
661002.000000 0.252954 0.246911 0.265904 660
662002.000000 0.252954 0.246911 0.265904 661
663002.000000 0.253818 0.246911 0.265904 662
664010.000000 0.258134 0.248638 0.267631 663
665010.000000 0.258134 0.248638 0.269358 664
666002.000000 0.258134 0.248638 0.269358 665
667002.000000 0.258134 0.248638 0.269358 666
668002.000000 0.258134 0.248638 0.271084 667
669002.000000 0.264178 0.257271 0.271084 668
670002.000000 0.264178 0.257271 0.276264 669
671002.000000 0.264178 0.257271 0.276264 670
672011.000000 0.265904 0.257271 0.276264 671
673002.000000 0.265904 0.257271 0.276264 672
674002.000000 0.265904 0.257271 0.276264 673
675002.000000 0.266768 0.258998 0.276264 674
676003.000000 0.266768 0.258998 0.276264 675
677002.000000 0.266768 0.258998 0.277991 676
678002.000000 0.269358 0.260724 0.277991 677
679002.000000 0.269358 0.260724 0.281444 678
680002.000000 0.269358 0.260724 0.284898 679
681002.000000 0.271948 0.260724 0.284898 680
682002.000000 0.271948 0.260724 0.284898 681
683002.000000 0.271948 0.260724 0.284898 682
684003.000000 0.277128 0.265904 0.288351 683
685003.000000 0.277128 0.265904 0.288351 684
686002.000000 0.277128 0.265904 0.288351 685
687002.000000 0.277991 0.265904 0.290077 686
688002.000000 0.277991 0.265904 0.291804 687
689002.000000 0.277991 0.265904 0.291804 688
690002.000000 0.283171 0.276264 0.291804 689
691002.000000 0.283171 0.276264 0.291804 690
692002.000000 0.283171 0.276264 0.291804 691
693034.000000 0.283171 0.276264 0.291804 692
694002.000000 0.283171 0.276264 0.291804 693
695003.000000 0.283171 0.276264 0.293531 694
696010.000000 0.284034 0.276264 0.298711 695
697010.000000 0.287487 0.276264 0.298711 696
698002.000000 0.287487 0.276264 0.298711 697
699002.000000 0.287487 0.276264 0.298711 698
700002.000000 0.287487 0.276264 0.300437 699
701002.000000 0.288351 0.277991 0.300437 700
702002.000000 0.288351 0.277991 0.300437 701
703002.000000 0.288351 0.277991 0.302164 702
704010.000000 0.290941 0.277991 0.303891 703
705010.000000 0.298711 0.290077 0.307344 704
706002.000000 0.298711 0.290077 0.307344 705
707002.000000 0.298711 0.290077 0.307344 706
708002.000000 0.298711 0.290077 0.307344 707
709002.000000 0.298711 0.290077 0.309071 708
710003.000000 0.298711 0.290077 0.310797 709
711002.000000 0.298711 0.290077 0.310797 710
712002.000000 0.300437 0.293531 0.310797 711
713002.000000 0.300437 0.293531 0.312524 712
714002.000000 0.300437 0.293531 0.312524 713
715003.000000 0.300437 0.293531 0.312524 714
716003.000000 0.300437 0.293531 0.312524 715
717003.000000 0.307344 0.296984 0.317704 716
718003.000000 0.307344 0.296984 0.317704 717
719003.000000 0.307344 0.296984 0.317704 718
720003.000000 0.307344 0.296984 0.317704 719
721010.000000 0.307344 0.298711 0.317704 720
722010.000000 0.311661 0.303891 0.319431 721
723002.000000 0.311661 0.303891 0.319431 722
724002.000000 0.311661 0.303891 0.319431 723
725002.000000 0.311661 0.303891 0.319431 724
726002.000000 0.315977 0.307344 0.324610 725
727010.000000 0.315977 0.307344 0.324610 726
728010.000000 0.315977 0.307344 0.326337 727
729002.000000 0.316841 0.307344 0.326337 728
730002.000000 0.316841 0.307344 0.326337 729
731002.000000 0.317704 0.307344 0.328064 730
732002.000000 0.317704 0.307344 0.328064 731
733002.000000 0.321157 0.312524 0.329790 732
734002.000000 0.321157 0.312524 0.329790 733
735002.000000 0.321157 0.312524 0.331517 734
736003.000000 0.321157 0.312524 0.331517 735
737003.000000 0.326337 0.315977 0.336697 736
738002.000000 0.326337 0.315977 0.336697 737
739003.000000 0.326337 0.315977 0.336697 738
740002.000000 0.326337 0.319431 0.336697 739
741002.000000 0.328064 0.319431 0.336697 740
742002.000000 0.328064 0.319431 0.336697 741
743002.000000 0.331517 0.322884 0.340150 742
744002.000000 0.331517 0.322884 0.340150 743
745002.000000 0.331517 0.322884 0.341877 744
746003.000000 0.331517 0.322884 0.341877 745
747002.000000 0.331517 0.322884 0.341877 746
748010.000000 0.333244 0.326337 0.341877 747
749010.000000 0.335834 0.329790 0.341877 748
750010.000000 0.335834 0.329790 0.341877 749
751002.000000 0.336697 0.329790 0.347057 750
752002.000000 0.336697 0.329790 0.347057 751
753002.000000 0.336697 0.329790 0.347057 752
754002.000000 0.336697 0.329790 0.347057 753
755002.000000 0.345330 0.338424 0.352237 754
756002.000000 0.345330 0.338424 0.353964 755
757002.000000 0.347920 0.341877 0.353964 756
758002.000000 0.347920 0.341877 0.353964 757
759002.000000 0.347920 0.341877 0.353964 758
760002.000000 0.347920 0.341877 0.355690 759
761002.000000 0.347920 0.341877 0.355690 760
762002.000000 0.347920 0.341877 0.355690 761
763002.000000 0.351374 0.343604 0.359144 762
764002.000000 0.351374 0.343604 0.360870 763
765010.000000 0.351374 0.343604 0.360870 764
766010.000000 0.355690 0.352237 0.360870 765
767010.000000 0.355690 0.352237 0.362597 766
768010.000000 0.355690 0.352237 0.364323 767
769010.000000 0.355690 0.352237 0.364323 768
770010.000000 0.355690 0.352237 0.364323 769
771026.000000 0.355690 0.352237 0.366050 770
772002.000000 0.355690 0.352237 0.366050 771
773002.000000 0.360007 0.352237 0.369503 772
774002.000000 0.361733 0.353964 0.369503 773
775003.000000 0.364323 0.355690 0.372957 774
776002.000000 0.365187 0.359144 0.372957 775
777002.000000 0.365187 0.360870 0.372957 776
778002.000000 0.365187 0.360870 0.372957 777
779002.000000 0.365187 0.360870 0.372957 778
780002.000000 0.365187 0.360870 0.372957 779
781002.000000 0.366050 0.360870 0.372957 780
782002.000000 0.366050 0.360870 0.372957 781
783002.000000 0.366050 0.360870 0.376410 782
784002.000000 0.370367 0.360870 0.379863 783
785002.000000 0.370367 0.360870 0.379863 784
786003.000000 0.370367 0.360870 0.381590 785
787003.000000 0.372093 0.360870 0.383317 786
788002.000000 0.372093 0.362597 0.383317 787
789003.000000 0.375547 0.369503 0.383317 788
790010.000000 0.378137 0.371230 0.385043 789
791010.000000 0.381590 0.378137 0.385043 790
792050.000000 0.381590 0.378137 0.386770 791
793002.000000 0.381590 0.378137 0.386770 792
794002.000000 0.381590 0.378137 0.386770 793
795002.000000 0.381590 0.378137 0.386770 794
796002.000000 0.381590 0.378137 0.386770 795
797010.000000 0.381590 0.378137 0.386770 796
798010.000000 0.388497 0.379863 0.397130 797
799002.000000 0.388497 0.381590 0.397130 798
800002.000000 0.391087 0.385043 0.397130 799
801002.000000 0.396267 0.391950 0.400583 800
802002.000000 0.396267 0.391950 0.400583 801
803002.000000 0.396267 0.391950 0.400583 802
804002.000000 0.396267 0.391950 0.400583 803
805010.000000 0.396267 0.391950 0.400583 804
806010.000000 0.396267 0.391950 0.400583 805
807002.000000 0.396267 0.391950 0.402310 806
808002.000000 0.396267 0.391950 0.402310 807
809002.000000 0.398857 0.393677 0.404036 808
810002.000000 0.398857 0.393677 0.404036 809
811002.000000 0.400583 0.393677 0.407490 810
812002.000000 0.402310 0.402310 0.407490 811
813002.000000 0.402310 0.402310 0.407490 812
814002.000000 0.405763 0.402310 0.409216 813
815002.000000 0.405763 0.402310 0.409216 814
816003.000000 0.405763 0.402310 0.409216 815
817002.000000 0.407490 0.402310 0.414396 816
818010.000000 0.408353 0.402310 0.416123 817
819010.000000 0.408353 0.402310 0.416123 818
820002.000000 0.408353 0.402310 0.416123 819
821002.000000 0.408353 0.402310 0.416123 820
822002.000000 0.414396 0.410943 0.417850 821
823002.000000 0.414396 0.410943 0.419576 822
824002.000000 0.414396 0.410943 0.419576 823
825002.000000 0.415260 0.410943 0.423030 824
826002.000000 0.416986 0.416123 0.423030 825
827002.000000 0.420440 0.416123 0.424756 826
828002.000000 0.420440 0.416123 0.426483 827
829002.000000 0.426483 0.426483 0.426483 828
830003.000000 0.426483 0.426483 0.426483 829
831002.000000 0.426483 0.426483 0.426483 830
832002.000000 0.426483 0.426483 0.426483 831
833002.000000 0.426483 0.426483 0.426483 832
834002.000000 0.426483 0.426483 0.429936 833
835002.000000 0.426483 0.426483 0.429936 834
836002.000000 0.432526 0.426483 0.438570 835
837002.000000 0.432526 0.428210 0.438570 836
838002.000000 0.432526 0.428210 0.438570 837
839002.000000 0.435116 0.431663 0.438570 838
840002.000000 0.435116 0.431663 0.438570 839
841002.000000 0.435116 0.431663 0.440296 840
842002.000000 0.435116 0.431663 0.440296 841
843002.000000 0.435116 0.431663 0.440296 842
844002.000000 0.440296 0.435116 0.445476 843
845002.000000 0.440296 0.436843 0.445476 844
846002.000000 0.442023 0.443749 0.445476 845
847002.000000 0.442023 0.443749 0.448929 846
848002.000000 0.444613 0.443749 0.448929 847
849002.000000 0.444613 0.443749 0.448929 848
850002.000000 0.447203 0.443749 0.452383 849
851026.000000 0.450656 0.447203 0.454109 850
852003.000000 0.450656 0.447203 0.454109 851
853003.000000 0.453246 0.450656 0.455836 852
854010.000000 0.453246 0.450656 0.455836 853
855010.000000 0.453246 0.450656 0.457563 854
856010.000000 0.454109 0.450656 0.459289 855
857010.000000 0.459289 0.459289 0.459289 856
858010.000000 0.466196 0.469649 0.462743 857
859010.000000 0.466196 0.469649 0.462743 858
860010.000000 0.466196 0.469649 0.462743 859
861010.000000 0.466196 0.469649 0.462743 860
862010.000000 0.467923 0.469649 0.469649 861
863010.000000 0.472239 0.471376 0.473103 862
864002.000000 0.472239 0.471376 0.473103 863
865002.000000 0.472239 0.471376 0.473103 864
866002.000000 0.472239 0.471376 0.473103 865
867002.000000 0.472239 0.471376 0.473103 866
868002.000000 0.472239 0.471376 0.476556 867
869002.000000 0.472239 0.471376 0.476556 868
870002.000000 0.474829 0.476556 0.476556 869
871002.000000 0.480009 0.478282 0.481736 870
872002.000000 0.480009 0.478282 0.483462 871
873002.000000 0.480009 0.478282 0.483462 872
874002.000000 0.490369 0.492096 0.488642 873
875002.000000 0.491232 0.492096 0.490369 874
876003.000000 0.491232 0.492096 0.490369 875
877002.000000 0.491232 0.492096 0.490369 876
878002.000000 0.491232 0.492096 0.490369 877
879002.000000 0.491232 0.492096 0.492096 878
880002.000000 0.491232 0.492096 0.492096 879
881010.000000 0.502456 0.505909 0.499002 880
882010.000000 0.503319 0.507636 0.499002 881
883010.000000 0.503319 0.507636 0.499002 882
884010.000000 0.503319 0.507636 0.499002 883
885010.000000 0.510226 0.512816 0.507636 884
886010.000000 0.510226 0.512816 0.507636 885
887002.000000 0.510226 0.512816 0.507636 886
888002.000000 0.511952 0.514542 0.509362 887
889002.000000 0.511952 0.514542 0.509362 888
890002.000000 0.513679 0.519722 0.509362 889
891002.000000 0.521449 0.524902 0.517995 890
892002.000000 0.521449 0.524902 0.517995 891
893010.000000 0.525765 0.531809 0.519722 892
894010.000000 0.525765 0.531809 0.519722 893
895010.000000 0.525765 0.531809 0.519722 894
896010.000000 0.529219 0.536989 0.521449 895
897010.000000 0.529219 0.536989 0.521449 896
898002.000000 0.537852 0.549075 0.526629 897
899002.000000 0.537852 0.549075 0.528355 898
900002.000000 0.537852 0.549075 0.528355 899
901002.000000 0.538715 0.549075 0.531809 900
902002.000000 0.538715 0.549075 0.531809 901
903002.000000 0.546485 0.555982 0.536989 902
904002.000000 0.546485 0.555982 0.540442 903
905002.000000 0.551665 0.562888 0.540442 904
906002.000000 0.551665 0.562888 0.540442 905
907002.000000 0.559435 0.569795 0.549075 906
908002.000000 0.559435 0.569795 0.549075 907
909002.000000 0.563752 0.578428 0.549075 908
910002.000000 0.563752 0.578428 0.549075 909
911002.000000 0.568932 0.581882 0.555982 910
912002.000000 0.568932 0.581882 0.555982 911
913002.000000 0.578428 0.592241 0.564615 912
914002.000000 0.578428 0.592241 0.564615 913
915002.000000 0.586198 0.600875 0.571522 914
916002.000000 0.586198 0.600875 0.571522 915
917002.000000 0.593968 0.612961 0.574975 916
918002.000000 0.595695 0.618141 0.574975 917
919002.000000 0.597421 0.618141 0.580155 918
920002.000000 0.602601 0.623321 0.581882 919
921010.000000 0.611235 0.638861 0.583608 920
922010.000000 0.611235 0.638861 0.583608 921
923010.000000 0.617278 0.642314 0.592241 922
924010.000000 0.620731 0.652674 0.592241 923
925002.000000 0.628501 0.657854 0.599148 924
926002.000000 0.635408 0.664761 0.606055 925
927002.000000 0.637998 0.671667 0.606055 926
928002.000000 0.649221 0.680301 0.618141 927
929002.000000 0.649221 0.680301 0.618141 928
930002.000000 0.649221 0.680301 0.618141 929
931002.000000 0.657854 0.695841 0.619868 930
932002.000000 0.665624 0.702747 0.628501 931
933002.000000 0.670804 0.706200 0.635408 932
934002.000000 0.676847 0.716560 0.637134 933
935002.000000 0.676847 0.716560 0.637134 934
936003.000000 0.688071 0.725194 0.650948 935
937002.000000 0.698431 0.739007 0.657854 936
938003.000000 0.698431 0.739007 0.657854 937
939002.000000 0.702747 0.739007 0.668214 938
940002.000000 0.710517 0.745913 0.675121 939
941002.000000 0.713107 0.747640 0.678574 940
942002.000000 0.720014 0.754547 0.685481 941
943002.000000 0.723467 0.761453 0.685481 942
944002.000000 0.733827 0.768360 0.699294 943
945002.000000 0.746777 0.789080 0.704474 944
946002.000000 0.763180 0.809800 0.716560 945
947002.000000 0.777857 0.832246 0.723467 946
948002.000000 0.777857 0.832246 0.732100 947
949002.000000 0.777857 0.832246 0.732100 948
950002.000000 0.778720 0.832246 0.739007 949
951002.000000 0.781310 0.832246 0.744187 950
952002.000000 0.786490 0.832246 0.751093 951
953002.000000 0.792533 0.832246 0.761453 952
954010.000000 0.797713 0.832246 0.771813 953
955010.000000 0.798576 0.832246 0.775267 954
956010.000000 0.798576 0.832246 0.778720 955
957010.000000 0.802893 0.832246 0.790806 956
958010.000000 0.811526 0.832246 0.802893 957
959010.000000 0.820159 0.832246 0.821886 958
960010.000000 0.827066 0.832246 0.825339 959
961010.000000 0.827066 0.832246 0.827066 960
962010.000000 0.827066 0.832246 0.830519 961
963002.000000 0.827066 0.832246 0.830519 962
964002.000000 0.827066 0.832246 0.830519 963
965002.000000 0.827066 0.832246 0.830519 964
966002.000000 0.827066 0.832246 0.830519 965
967002.000000 0.827066 0.832246 0.830519 966
968002.000000 0.827066 0.832246 0.830519 967
969002.000000 0.827066 0.832246 0.830519 968
970002.000000 0.827066 0.832246 0.830519 969
971003.000000 0.827066 0.832246 0.830519 970
972003.000000 0.827066 0.832246 0.830519 971
973002.000000 0.827066 0.832246 0.830519 972
974002.000000 0.828793 0.832246 0.830519 973
975034.000000 0.828793 0.832246 0.830519 974
976002.000000 0.828793 0.832246 0.830519 975
977002.000000 0.828793 0.832246 0.830519 976
978002.000000 0.828793 0.832246 0.830519 977
979002.000000 0.828793 0.832246 0.830519 978
980010.000000 0.828793 0.832246 0.830519 979
981010.000000 0.828793 0.832246 0.830519 980
982002.000000 0.828793 0.832246 0.830519 981
983002.000000 0.828793 0.832246 0.830519 982
984002.000000 0.828793 0.832246 0.830519 983
985002.000000 0.828793 0.832246 0.830519 984
986002.000000 0.828793 0.832246 0.830519 985
987002.000000 0.828793 0.832246 0.830519 986
988002.000000 0.828793 0.832246 0.830519 987
989002.000000 0.828793 0.832246 0.830519 988
990002.000000 0.828793 0.832246 0.830519 989
991010.000000 0.828793 0.832246 0.830519 990
992002.000000 0.828793 0.832246 0.830519 991
993002.000000 0.828793 0.832246 0.830519 992
994003.000000 0.831383 0.832246 0.832246 993
995002.000000 0.831383 0.832246 0.832246 994
996003.000000 0.831383 0.832246 0.832246 995
997002.000000 0.831383 0.832246 0.832246 996
998002.000000 0.831383 0.832246 0.832246 997
999002.000000 0.831383 0.832246 0.832246 998
1000002.000000 0.831383 0.832246 0.832246 999
1001002.000000 0.831383 0.832246 0.832246 1000
1002002.000000 0.831383 0.832246 0.832246 1001
1003002.000000 0.831383 0.832246 0.832246 1002
1004002.000000 0.831383 0.832246 0.832246 1003
1005002.000000 0.831383 0.832246 0.832246 1004
1006002.000000 0.831383 0.832246 0.832246 1005
1007002.000000 0.831383 0.832246 0.832246 1006
1008002.000000 0.831383 0.832246 0.832246 1007
1009002.000000 0.831383 0.832246 0.832246 1008
1010002.000000 0.831383 0.832246 0.832246 1009
1011002.000000 0.831383 0.832246 0.832246 1010
1012002.000000 0.831383 0.832246 0.832246 1011
1013002.000000 0.831383 0.832246 0.832246 1012
1014002.000000 0.831383 0.832246 0.832246 1013
1015010.000000 0.831383 0.832246 0.832246 1014
1016010.000000 0.831383 0.832246 0.832246 1015
1017010.000000 0.831383 0.832246 0.832246 1016
1018010.000000 0.831383 0.832246 0.832246 1017
1019010.000000 0.831383 0.832246 0.832246 1018
1020010.000000 0.831383 0.832246 0.832246 1019
1021010.000000 0.831383 0.832246 0.832246 1020
1022010.000000 0.831383 0.832246 0.832246 1021
1023010.000000 0.831383 0.832246 0.832246 1022
1024010.000000 0.831383 0.832246 0.832246 1023
1025010.000000 0.831383 0.832246 0.832246 1024
